Kon 59 96 89 22 
Kon 64 5 31 78 77 26 43 47 95 
Kon 69 15 78 93 
Kon 63 
Kon 80 59 51 57 68 80 
Kon 1 94 44 83 76 4 26 91 
Kon 62 42 52 52 
Kon 81 29 63 9 49 6 58 
Kon 7 15 90 68 95 95 60 
Kon 40 
Kon 41 0 1 57 47 49 56 
Kon 18 14 52 2 89 13 
Kon 33 35 39 64 57 18 89 46 
Kon 31 37 5 17 76 9 77 92 46 
Kon 94 52 74 91 45 20 
Kon 11 53 74 40 91 
Kon 49 32 56 84 49 12 73 22 81 
Kon 28 7 51 18 
Kon 1 69 4 67 5 89 
Kon 69 63 11 
Kon 1 19 98 99 83 99 93 69 
Kon 91 66 93 32 88 23 22 12 
Kon 48 66 2 96 35 25 26 0 14 
Kon 31 68 93 49 73 
Kon 51 75 34 74 69 38 31 
Kon 77 46 33 42 51 
Kon 39 93 2 52 
Kon 30 71 72 3 89 92 
Kon 28 56 39 98 49 0 56 
Kon 13 30 
Kon 37 3 31 16 87 3 
Kon 95 81 74 58 
Kon 86 19 58 40 
Kon 59 96 96 84 
Kon 69 63 35 49 93 
Kon 55 20 29 70 57 
Kon 0 86 83 
Kon 70 53 96 69 13 2 
Kon 33 51 43 10 24 
Kon 30 71 72 26 88 99 56 
Kon 99 98 2 99 50 92 
Kon 1 19 98 99 57 
Kon 49 32 56 84 49 59 70 27 0 
Kon 70 52 12 28 13 
Kon 37 3 31 13 
Kon 11 53 74 23 4 
Kon 55 20 29 3 94 58 44 12 
Kon 1 94 44 83 99 98 95 
Kon 1 69 4 94 52 74 64 
Kon 37 3 31 72 38 38 
Kon 91 66 93 32 12 39 
Kon 17 70 
Kon 77 46 33 57 
Kon 40 62 94 52 74 64 
Kon 48 66 2 96 35 11 7 78 1 
Kon 31 37 5 17 76 35 49 93 
Kon 80 59 51 72 38 38 
Kon 27 72 59 70 27 0 
Kon 17 77 85 64 
Kon 86 19 27 72 91 
Kon 30 71 72 62 31 97 38 
Kon 1 94 44 83 75 1 64 
Kon 33 51 43 10 64 79 7 16 
Kon 49 32 56 84 49 7 15 90 
Kon 1 69 4 94 95 81 64 
Kon 1 69 4 99 98 7 15 
Kon 91 66 93 32 64 5 31 
Kon 0 86 3 42 31 87 
Kon 95 69 63 
Kon 1 94 44 83 12 39 
Kon 33 35 39 64 13 
Kon 31 37 5 17 76 27 72 91 
Kon 7 15 90 68 35 49 93 
Kon 80 59 51 28 56 39 
Kon 48 66 2 96 35 83 
Kon 64 79 7 16 49 70 9 54 
Kon 13 2 1 3 
Kon 72 38 38 96 44 
Kon 76 79 17 42 
Kon 3 94 58 44 12 48 36 81 59 
Kon 96 75 33 50 
Kon 48 91 63 15 87 60 99 
Kon 59 70 27 0 94 6 60 
Kon 2 99 50 92 52 97 41 60 
Kon 13 
Kon 91 67 10 12 94 10 12 26 
Kon 91 73 65 60 22 11 
Kon 27 75 37 94 94 73 
Kon 57 27 
Kon 49 87 46 30 5 31 
Kon 3 42 31 87 14 70 24 
Kon 95 30 71 54 10 92 26 
Kon 13 
Kon 62 31 97 38 80 8 37 21 
Kon 70 
Kon 0 63 53 82 
Kon 12 39 32 79 
Kon 75 88 17 73 18 
Kon 1 95 23 91 0 66 10 69 45 
Kon 80 75 68 92 91 91 84 59 3 
Kon 35 49 93 84 60 
Kon 52 23 66 90 75 79 78 
Kon 94 52 74 64 8 91 26 31 
Kon 99 98 95 30 71 54 
Kon 63 72 99 2 
Kon 64 5 31 78 77 70 
Kon 18 14 52 80 75 68 92 91 
Kon 7 15 90 68 92 63 72 12 92 
Kon 75 1 64 79 7 16 
Kon 69 63 40 79 
Kon 23 4 27 75 37 
Kon 40 70 
Kon 27 72 91 66 93 
Kon 62 42 76 79 
Kon 99 98 7 15 90 68 1 
Kon 77 85 64 5 31 
Kon 7 15 90 68 0 63 
Kon 95 66 62 
Kon 0 86 0 63 
Kon 77 46 33 27 72 84 5 
Kon 95 81 64 79 7 16 
Kon 59 96 96 75 
Kon 28 56 39 98 83 
Kon 39 93 12 39 
Kon 1 19 98 66 62 
Kon 70 53 96 1 69 
Kon 17 70 
Kon 41 0 1 57 39 93 
Kon 18 14 52 49 87 46 
Kon 37 3 31 80 75 68 92 91 
Kon 62 42 76 79 
Kon 37 3 92 63 72 12 92 
Kon 80 59 51 40 
Osiol 85 15 69 
Osiol 26 6 22 
Osiol 52 19 43 31 12 38 9 85 
Osiol 5 46 
Osiol 73 84 34 
Osiol 62 49 79 82 40 6 10 
Osiol 62 7 26 85 
Osiol 1 73 15 39 32 64 23 
Osiol 60 8 
Osiol 64 29 23 
Osiol 76 76 
Osiol 48 19 69 68 31 
Osiol 54 54 79 99 16 16 36 81 
Osiol 81 36 70 54 67 
Osiol 24 94 64 83 30 51 31 46 34 
Osiol 13 62 
Osiol 52 12 72 40 85 8 29 
Osiol 1 28 17 98 
Osiol 3 28 75 72 2 39 11 46 
Osiol 30 39 86 23 29 41 1 37 95 
Osiol 34 18 90 
Osiol 96 63 
Osiol 47 54 17 46 
Osiol 99 68 86 49 59 77 82 42 
Osiol 27 12 12 48 52 2 50 
Osiol 98 23 53 83 94 
Osiol 10 7 97 
Osiol 27 37 37 50 66 58 34 
Osiol 5 11 63 19 69 
Osiol 27 38 99 71 39 89 99 89 7 
Osiol 73 3 18 37 93 
Osiol 26 9 58 8 
Osiol 17 72 73 48 11 86 83 
Osiol 9 31 49 
Osiol 41 1 
Osiol 73 21 93 58 95 37 
Osiol 62 7 71 15 9 77 
Osiol 36 42 44 71 79 82 3 83 63 
Osiol 34 27 12 12 26 
Osiol 24 94 64 96 16 
Osiol 39 39 89 1 73 15 56 
Osiol 27 38 99 63 11 77 97 
Osiol 78 57 71 
Osiol 26 9 96 71 
Osiol 64 47 75 
Osiol 62 49 79 52 12 72 5 11 
Osiol 47 54 1 73 15 56 
Osiol 52 12 72 31 49 
Osiol 99 36 28 52 12 72 69 54 32 
Osiol 9 27 12 12 26 
Osiol 36 42 44 11 2 
Osiol 41 38 8 25 68 20 
Osiol 60 31 49 
Osiol 17 72 82 92 46 42 24 79 
Osiol 81 90 15 92 10 89 78 
Osiol 41 38 82 70 86 14 80 25 
Osiol 73 21 81 90 15 28 
Osiol 52 12 88 6 21 
Osiol 36 42 36 63 15 80 73 59 
Osiol 24 94 64 5 11 92 10 
Osiol 83 46 30 39 86 23 55 20 
Osiol 26 23 56 53 91 99 99 
Osiol 99 68 86 81 90 15 28 
Osiol 41 38 82 27 38 99 69 81 
Osiol 62 49 79 85 23 88 82 41 90 
Osiol 17 72 73 38 8 25 68 20 
Osiol 36 42 36 64 71 15 9 
Osiol 81 36 81 36 85 23 88 82 
Osiol 73 21 82 70 86 14 80 25 
Osiol 62 49 79 9 58 8 
Osiol 85 23 88 82 41 90 30 8 
Osiol 0 6 35 72 
Osiol 69 81 11 5 28 54 
Osiol 55 49 26 87 22 12 45 9 
Osiol 71 
Osiol 9 58 8 22 
Osiol 82 70 86 14 80 25 7 8 55 
Osiol 38 12 99 67 
Osiol 36 63 15 80 73 59 95 2 87 
Osiol 23 56 53 91 99 99 64 47 
Osiol 21 93 58 95 37 32 15 
Osiol 92 10 89 78 86 46 
Osiol 42 62 81 60 87 
Osiol 75 
Osiol 71 97 29 
Osiol 63 11 77 97 57 
Osiol 56 71 
Osiol 36 67 62 91 90 23 
Osiol 6 21 31 44 
Osiol 71 15 9 77 25 
Osiol 11 2 
Osiol 22 80 
Osiol 38 8 25 68 20 16 57 
Osiol 47 48 14 56 
Osiol 70 70 95 27 57 18 77 77 72 
Osiol 40 15 70 92 
Osiol 69 18 85 43 52 56 86 6 
Osiol 27 12 12 26 6 
Osiol 1 73 15 56 71 
Osiol 66 85 46 10 99 58 13 
Osiol 30 39 86 0 6 35 
Osiol 34 82 70 86 14 80 25 
Osiol 88 6 21 31 
Osiol 52 12 72 69 54 32 1 71 66 
Osiol 98 23 85 23 88 82 41 90 
Osiol 41 56 71 
Osiol 48 19 69 81 11 5 
Osiol 52 19 43 82 92 46 42 24 79 
Osiol 62 49 79 69 54 32 1 71 66 
Osiol 52 12 72 5 11 92 10 
Osiol 5 11 66 85 46 10 99 
Osiol 83 46 74 48 11 86 83 
Osiol 66 22 80 
Osiol 30 39 86 23 55 20 12 33 56 
Osiol 24 94 64 4 92 19 51 8 
Osiol 17 72 73 71 97 
Osiol 81 90 15 28 82 
Osiol 62 49 79 47 48 14 
Osiol 98 23 96 71 
Osiol 62 7 56 71 
Osiol 52 12 30 39 86 0 
Osiol 26 9 1 73 15 56 
Osiol 1 28 63 11 77 97 
Osiol 99 36 28 31 49 
Osiol 39 39 89 71 
Osiol 98 23 62 49 79 69 54 32 
Osiol 17 72 82 36 63 15 80 73 59 
Osiol 41 52 12 72 69 54 32 
Osiol 64 0 6 35 
Osiol 78 23 55 20 12 33 56 
Osiol 5 11 27 12 12 26 
Mul 76 45 50 1 10 
Mul 80 35 84 8 15 13 
Mul 11 90 21 64 76 58 7 
Mul 41 79 
Mul 41 16 78 
Mul 85 14 20 
Mul 98 60 64 79 7 16 
Mul 52 19 43 24 
Mul 62 49 79 76 79 
Mul 64 96 75 
Mul 76 48 91 63 15 
Mul 91 73 65 
Mul 3 28 75 93 97 54 
Mul 81 90 15 57 
Mul 99 36 28 49 87 46 
Mul 27 37 37 92 63 72 12 92 
Mul 27 38 99 13 
Mul 5 24 
Mul 1 73 15 72 38 38 
Mul 1 28 48 91 63 15 
Mul 3 28 75 4 91 9 
Mul 30 39 86 26 88 99 56 
Mul 41 27 75 37 
Mul 10 40 79 
Mul 11 90 21 80 60 29 
Mul 66 98 23 
Mul 52 19 26 21 
Mul 27 12 17 72 73 62 
Mul 39 39 89 48 19 4 
Mul 41 70 76 
Mul 85 64 79 7 16 
Mul 73 3 94 58 44 12 
Mul 54 54 79 13 
Mul 81 36 91 67 10 12 
Mul 13 91 73 65 
Mul 1 28 11 7 78 1 
Mul 34 27 75 37 
Mul 98 23 3 42 31 87 
Mul 41 95 30 71 54 
Mul 10 92 63 72 12 92 
Mul 27 37 37 13 
Mul 5 11 62 31 97 38 
Mul 17 72 0 63 
Mul 73 21 12 39 
Mul 62 7 83 
Mul 34 27 1 95 23 91 0 
Mul 24 94 80 75 68 92 91 
Mul 78 57 82 35 49 93 
Mul 39 39 89 52 23 66 90 
Mul 73 3 85 77 46 33 80 
Mul 52 19 43 13 2 
Mul 54 54 79 2 99 50 92 
Mul 17 72 73 91 67 10 12 
Mul 3 28 75 27 75 37 
Mul 99 68 86 3 42 31 87 
Mul 27 37 37 62 31 97 38 
Mul 26 9 70 
Mul 62 7 1 95 23 91 0 
Mul 39 39 89 94 52 74 64 
Mul 27 38 99 33 35 39 64 
Mul 26 9 7 15 90 68 1 
Mul 47 54 91 66 93 
Mul 9 27 18 14 52 80 
Mul 73 21 60 76 
Mul 27 12 99 36 28 
Mul 81 90 1 73 15 
Mul 1 28 98 23 
Mul 3 28 99 36 76 
Mul 81 36 9 49 
Mul 27 37 37 60 59 70 
Mul 85 64 99 36 28 92 
Mul 24 94 80 62 49 79 
Mul 52 19 43 72 38 38 
Mul 5 76 79 
Mul 62 7 96 75 
Mul 48 19 13 
Mul 24 94 64 91 73 65 
Mul 27 12 12 92 63 72 12 92 
Mul 9 0 63 
Mul 17 72 12 39 
Mul 34 27 80 75 68 92 91 
Mul 64 47 52 23 66 90 
Mul 81 36 69 94 52 74 64 
Mul 26 9 7 15 90 68 1 
Mul 64 63 72 
Mul 47 54 64 5 31 
Mul 99 36 28 18 14 52 80 
Mul 41 38 69 63 
Mul 52 12 62 42 
Mul 41 85 46 99 98 7 15 
Mul 24 94 64 77 85 64 
Mul 80 60 29 27 5 31 
Mul 26 21 83 
Mul 48 19 4 91 9 
Mul 13 84 65 49 
Mul 1 28 11 7 78 1 
Mul 34 8 
Mul 83 46 74 40 79 
Mul 10 99 49 95 30 71 54 
Mul 85 64 79 7 16 
Mul 60 76 79 
Mul 13 96 75 
Mul 96 59 70 27 0 
Mul 99 68 86 91 67 10 12 
Mul 99 36 28 11 7 78 1 
Mul 98 23 8 
Mul 9 49 87 46 
Mul 27 37 37 95 30 71 54 
Mul 17 72 73 62 31 97 38 
Mul 47 54 44 64 8 91 26 31 
Mul 76 48 9 5 96 
Mul 99 36 76 3 94 
Mul 5 13 96 
Mul 1 28 10 99 49 95 
Mul 88 3 60 76 
Mul 5 92 36 96 
Mul 10 47 54 44 64 
Mul 41 26 9 
Mul 5 76 79 
Mul 62 7 96 75 
Mul 1 73 15 48 91 63 15 
Mul 60 59 70 27 0 
Mul 48 19 2 99 50 92 
Mul 3 28 75 8 
Mul 73 3 5 96 90 53 
Mul 36 42 44 75 88 17 
Mul 85 64 79 7 16 
Mul 66 3 94 58 44 12 
Mul 1 73 15 96 75 
Mul 48 19 59 70 27 0 
Mul 52 12 72 91 73 65 
Mul 1 28 11 7 78 1 
Mul 96 40 79 
Mul 27 12 12 95 30 71 54 
Mul 99 36 28 92 63 72 12 92 
Mul 73 3 66 62 
Mul 17 72 73 0 63 
Mul 47 54 44 12 39 
Mul 9 83 
Mul 41 75 88 17 
Mul 36 42 44 80 75 68 92 91 
Mul 24 94 52 23 66 90 
Mul 64 47 99 98 95 
Mul 64 30 22 47 
Mul 62 49 79 23 4 
Mul 99 36 28 63 72 
Mul 27 38 99 83 46 
Mul 91 1 73 15 48 
Mul 11 90 9 5 96 
Mul 62 49 99 36 28 11 
Mul 27 37 26 9 
Mul 5 36 42 44 
Mul 47 54 1 28 11 
Mul 26 13 2 
Mul 73 3 94 58 44 12 
Mul 66 48 91 63 15 
Mul 76 2 99 50 92 
Mul 54 54 79 91 67 10 12 
Mul 13 11 7 78 1 
Mul 52 12 72 27 75 37 
Mul 3 28 75 40 79 
Mul 30 39 86 57 
Mul 34 49 87 46 
Mul 96 3 42 31 87 
Mul 10 13 
Mul 27 37 37 62 31 97 38 
Mul 27 38 99 66 62 
Mul 73 3 70 
Mul 62 7 75 88 17 
Mul 36 42 44 1 95 23 91 0 
Mul 24 94 35 49 93 
Mul 27 38 99 99 98 95 
Mul 36 42 75 1 64 
Mul 60 23 4 27 
Mul 81 90 15 40 
Mul 73 21 27 72 91 
Mul 83 46 30 28 7 64 8 
Mul 26 23 56 7 15 90 
Jastrzab 70 
Jastrzab 70 58 
Jastrzab 70 70 8 27 
Jastrzab 70 70 58 
Jastrzab 70 8 27 
Jastrzab 70 8 27 
Jastrzab 70 70 70 70 8 27 
Jastrzab 70 70 70 70 8 27 
Jastrzab 70 58 
Jastrzab 70 70 70 70 70 8 27 
Jastrzab 70 70 8 27 
Jastrzab 70 58 
Jastrzab 70 70 70 70 8 27 
Jastrzab 70 58 
Jastrzab 70 70 8 27 
Jastrzab 70 70 70 70 70 8 27 
Jastrzab 70 70 58 
Jastrzab 70 70 70 70 70 8 27 
Jastrzab 8 27 
Jastrzab 58 
Jastrzab 70 70 8 27 
Jastrzab 70 70 70 8 27 
Jastrzab 70 58 
Jastrzab 70 70 70 70 70 8 27 
Jastrzab 70 70 70 8 27 
Jastrzab 70 8 27 
Jastrzab 70 70 70 70 70 8 27 
Jastrzab 70 70 70 70 70 70 8 27 
Jastrzab 70 70 70 8 27 
Jastrzab 70 70 8 27 
Jastrzab 70 70 70 70 70 70 8 27 
Jastrzab 70 70 70 70 8 27 
Jastrzab 70 70 70 70 8 27 
Jastrzab 70 70 58 
Jastrzab 70 70 70 8 27 
Jastrzab 70 8 27 
Jastrzab 70 70 70 8 27 
Jastrzab 70 70 70 70 8 27 
Jastrzab 70 8 27 
Jastrzab 70 70 70 70 70 70 70 8 27 
Jastrzab 70 70 70 70 70 70 70 8 27 
Jastrzab 70 70 70 70 70 8 27 
Myszolow 60 
Myszolow 17 60 
Myszolow 17 17 37 28 
Myszolow 17 60 98 26 79 1 
Myszolow 17 60 98 17 37 28 
Myszolow 17 60 98 17 17 17 17 98 
Myszolow 17 98 26 79 1 88 90 
Myszolow 17 60 98 60 98 26 79 1 
Myszolow 17 98 26 36 
Myszolow 17 60 98 60 17 60 37 
Myszolow 17 60 98 17 17 17 98 26 79 
Myszolow 17 98 26 17 17 17 17 
Myszolow 17 60 98 17 17 17 98 26 79 
Myszolow 17 60 98 60 17 60 37 
Myszolow 17 60 98 17 60 98 98 26 79 
Myszolow 17 98 60 60 98 26 
Myszolow 17 60 98 60 98 26 79 1 
Myszolow 17 60 98 17 17 17 
Myszolow 17 98 60 17 60 98 98 26 79 
Myszolow 17 60 98 17 17 17 17 
Myszolow 17 98 26 60 37 28 
Myszolow 17 60 98 60 60 60 98 26 
Myszolow 17 98 60 17 17 60 98 17 17 
Myszolow 17 17 17 60 17 60 98 
Myszolow 17 17 98 60 98 26 
Myszolow 17 98 60 17 60 98 
Myszolow 17 98 26 17 17 98 26 79 
Myszolow 17 98 26 17 60 98 17 60 
Myszolow 17 60 98 17 17 17 98 26 79 
Myszolow 17 60 98 17 17 17 60 
Myszolow 17 60 98 17 17 17 17 17 98 
Myszolow 17 60 98 60 60 98 26 79 1 
Myszolow 17 17 98 17 98 60 98 26 
Myszolow 17 60 98 17 98 26 17 17 
Myszolow 17 17 17 60 17 60 98 
Myszolow 17 98 60 17 17 17 17 60 
Myszolow 17 60 98 17 60 98 98 26 79 
Myszolow 17 98 60 17 17 37 
Myszolow 17 98 26 17 60 98 17 17 60 
Myszolow 17 98 60 17 17 17 60 
Myszolow 17 60 98 17 17 60 37 
Myszolow 17 60 98 17 17 60 17 60 98 
Myszolow 17 60 98 17 98 26 17 17 
Myszolow 17 60 98 17 17 17 17 17 98 
Myszolow 17 60 98 17 98 60 98 26 
Myszolow 17 98 26 17 98 26 17 60 98 
Myszolow 17 17 60 98 17 17 17 
Myszolow 17 98 26 17 17 98 60 98 26 
Myszolow 17 98 26 17 17 60 
Myszolow 17 98 60 17 17 17 17 17 
Myszolow 17 98 60 17 98 26 17 
Myszolow 17 60 98 17 17 60 98 98 26 79 
Myszolow 17 98 26 17 60 37 28 
Myszolow 17 60 98 60 17 60 98 17 
Myszolow 17 98 60 17 17 60 98 17 60 98 
Myszolow 17 60 98 17 98 26 17 17 60 
Myszolow 17 60 98 60 17 60 98 17 60 
Myszolow 17 60 98 17 17 60 98 60 17 98 
Myszolow 17 60 98 17 17 37 
Myszolow 17 60 98 17 60 98 60 60 
Myszolow 17 60 98 17 17 17 17 17 17 
Myszolow 17 60 17 98 60 98 26 
Myszolow 17 98 60 17 17 98 26 17 
Myszolow 17 98 60 17 60 98 60 17 60 
Myszolow 17 98 60 17 17 98 26 79 
Myszolow 17 60 98 17 17 60 98 17 17 17 
Myszolow 60 17 98 26 17 17 60 
Myszolow 17 60 60 60 
Myszolow 17 60 98 17 17 60 17 60 98 
Myszolow 17 17 60 17 60 98 17 60 
Myszolow 17 98 26 17 17 60 98 17 
Myszolow 17 98 60 17 60 98 17 60 
Myszolow 17 17 17 60 98 60 17 98 
Myszolow 17 60 98 17 17 17 17 17 98 
Myszolow 17 98 60 17 17 60 98 17 60 98 
Myszolow 17 98 26 17 60 98 17 17 60 
Myszolow 17 98 60 17 17 60 98 17 60 
Myszolow 17 98 60 17 17 17 17 
Myszolow 17 60 98 60 17 60 98 60 17 
Myszolow 17 17 60 17 60 98 17 60 98 
Myszolow 60 98 26 79 1 88 90 
Myszolow 17 17 98 26 79 1 88 90 
Myszolow 60 37 28 62 
Myszolow 17 60 37 28 
Myszolow 17 17 36 
Myszolow 17 17 17 17 
Myszolow 17 17 17 17 17 98 
Myszolow 17 60 98 36 
Myszolow 17 17 37 28 62 
Myszolow 17 98 60 98 26 79 1 
Myszolow 17 60 98 17 17 60 98 98 26 79 
Myszolow 17 60 98 17 17 17 
Myszolow 17 60 98 98 26 79 1 88 90 
Myszolow 60 60 60 37 
Myszolow 17 60 98 17 17 17 17 17 98 
Myszolow 17 17 98 26 79 1 88 90 
Myszolow 17 98 26 17 17 98 26 79 
Myszolow 17 17 60 98 17 
Myszolow 17 60 98 17 60 60 60 
Myszolow 17 98 26 17 17 98 26 79 
Myszolow 17 60 17 60 98 17 17 60 
Myszolow 17 60 98 17 60 98 17 17 
Myszolow 17 60 98 60 17 60 37 
Myszolow 17 60 98 17 17 17 
Myszolow 17 17 60 98 
Myszolow 17 60 98 17 17 17 98 26 79 
Myszolow 17 60 98 17 17 17 60 
Myszolow 17 60 98 60 17 17 17 17 
Myszolow 17 60 98 17 17 60 98 98 26 79 
Myszolow 17 60 98 60 17 60 98 17 
Myszolow 17 98 26 17 17 17 
Myszolow 17 60 98 17 60 98 17 17 60 
Myszolow 17 60 98 60 60 60 98 26 
Myszolow 17 60 98 17 17 17 17 
Myszolow 17 98 26 17 60 98 17 60 98 
Myszolow 17 60 98 17 60 98 17 17 60 
Myszolow 17 60 98 60 17 60 98 60 17 
Myszolow 17 60 37 28 
Myszolow 17 98 26 17 98 26 17 
Myszolow 17 98 26 17 17 17 
Myszolow 17 60 98 17 17 60 
Myszolow 17 60 98 17 60 60 98 26 
Myszolow 17 98 60 17 17 17 60 
Myszolow 17 98 26 17 17 60 98 17 60 
Myszolow 17 60 98 17 98 60 17 60 
Myszolow 17 60 98 17 17 60 98 98 26 79 
Myszolow 17 60 98 17 60 98 60 17 
Myszolow 17 17 17 17 17 98 26 79 
Myszolow 17 60 98 17 60 98 17 60 98 
Myszolow 17 60 17 60 98 60 17 
Myszolow 17 60 98 17 60 98 26 79 1 
Myszolow 17 60 98 60 17 98 26 17 60 98 
Myszolow 17 60 98 17 60 98 60 17 
Myszolow 17 60 98 17 17 17 17 17 
Myszolow 17 17 17 17 98 60 17 17 
Myszolow 17 60 98 17 17 60 98 17 98 
Myszolow 17 60 98 60 17 60 98 17 
Myszolow 17 17 98 17 60 98 17 17 17 
Myszolow 17 60 98 17 60 98 60 17 
Myszolow 17 60 98 17 17 60 98 17 17 60 
Myszolow 17 60 98 17 17 60 98 17 60 
Myszolow 17 60 98 60 17 60 98 60 17 
Myszolow 17 98 26 17 17 17 17 
Myszolow 17 98 26 17 60 98 98 26 79 
Myszolow 17 98 60 17 17 60 98 60 17 
Myszolow 17 60 98 17 17 60 98 17 60 
Myszolow 17 98 26 60 98 26 79 1 
Myszolow 17 60 98 17 17 60 98 17 17 60 
Myszolow 17 60 98 17 17 98 26 17 17 
Myszolow 17 60 98 17 17 60 37 
Myszolow 17 17 98 60 60 60 
Myszolow 17 98 26 17 17 60 17 60 98 
Myszolow 17 60 98 60 17 60 98 17 17 60 
Myszolow 17 98 26 17 60 98 17 17 17 
Myszolow 17 60 17 60 98 17 17 
Myszolow 17 98 60 17 17 
Mysz 78 
Mysz 14 23 2 92 66 86 
Mysz 54 30 67 
Mysz 56 74 92 5 
Mysz 73 45 0 22 86 6 53 
Mysz 22 0 60 
Mysz 26 11 52 19 19 92 41 55 78 
Mysz 41 82 
Mysz 66 58 23 
Mysz 16 48 16 39 33 37 13 78 
Mysz 66 21 10 40 0 23 
Mysz 29 23 
Mysz 78 7 9 85 40 11 3 
Mysz 6 10 83 22 54 
Mysz 70 33 5 53 63 94 34 10 16 
Mysz 6 69 
Mysz 81 48 90 22 26 10 7 59 
Mysz 72 22 46 93 98 52 10 
Mysz 11 99 25 62 84 
Mysz 46 52 65 
Mysz 38 14 52 
Mysz 78 38 
Mysz 31 72 26 99 41 30 62 34 36 
Mysz 53 44 53 2 56 54 
Mysz 77 44 61 63 55 56 22 75 37 
Mysz 67 57 67 60 2 45 
Mysz 65 39 63 79 43 95 94 11 
Mysz 69 80 2 48 
Mysz 8 6 
Mysz 63 23 30 17 3 67 38 81 
Mysz 63 
Mysz 51 53 86 15 17 22 
Mysz 9 19 57 23 61 33 
Mysz 28 93 
Mysz 64 87 92 84 68 11 11 66 52 
Mysz 67 71 85 70 24 86 72 29 
Mysz 44 82 9 85 13 64 41 87 84 
Mysz 69 77 67 59 55 38 89 13 
Mysz 68 90 28 23 62 28 
Mysz 47 95 40 88 80 47 
Mysz 24 13 4 
Mysz 81 8 
Mysz 92 94 89 53 75 2 9 
Mysz 4 21 82 
Mysz 17 4 75 40 93 41 10 36 58 
Mysz 98 8 15 50 70 
Mysz 34 12 80 35 97 61 
Mysz 89 
Mysz 87 95 41 87 12 
Mysz 34 21 4 68 90 95 99 88 65 
Mysz 63 23 30 17 61 52 97 92 41 
Mysz 46 52 51 61 12 58 
Mysz 44 82 9 85 13 67 63 77 
Mysz 24 13 11 
Mysz 69 77 67 59 63 
Mysz 99 85 35 0 67 97 3 88 55 
Mysz 56 74 87 83 76 20 
Mysz 17 4 75 40 93 74 
Mysz 9 92 60 74 25 3 81 35 
Mysz 34 12 80 87 83 76 20 
Mysz 46 52 51 16 84 61 
Mysz 45 65 62 77 
Mysz 89 84 99 8 
Mysz 54 30 81 
Mysz 8 0 81 99 
Mysz 53 44 53 68 94 27 91 
Mysz 73 45 0 22 95 99 88 65 
Mysz 68 90 28 52 4 75 73 59 
Mysz 89 84 78 
Mysz 34 12 80 5 66 8 88 
Mysz 32 79 96 47 12 
Mysz 63 23 30 17 92 50 12 
Mysz 77 44 61 63 55 90 50 16 
Mysz 89 84 68 94 27 91 
Mysz 54 75 64 61 10 44 
Mysz 44 82 9 85 66 40 22 46 
Mysz 63 23 30 17 61 72 22 46 93 
Mysz 6 24 51 35 83 
Mysz 67 71 85 70 65 62 77 
Mysz 53 47 66 15 95 74 
Mysz 46 52 99 8 
Mysz 8 0 51 53 44 
Mysz 75 99 40 10 
Mysz 67 71 85 70 4 21 54 85 
Mysz 65 62 77 7 21 62 67 
Mysz 78 93 87 29 69 77 67 59 
Mysz 63 24 
Mysz 68 0 63 23 30 17 
Mysz 65 39 63 79 78 
Mysz 46 52 74 90 76 
Mysz 94 47 85 94 34 69 5 
Mysz 85 61 71 81 84 11 
Mysz 6 24 51 54 75 
Mysz 2 44 51 53 44 
Mysz 89 84 31 72 26 99 
Mysz 9 92 60 74 23 30 34 
Mysz 81 48 90 22 0 81 99 
Mysz 63 23 30 17 66 58 90 
Mysz 75 99 66 21 10 
Mysz 34 21 4 68 90 22 0 46 
Mysz 34 12 80 80 39 82 
Mysz 73 58 54 66 25 18 
Mysz 9 19 57 53 
Mysz 65 62 77 7 66 58 90 
Mysz 18 77 41 87 52 62 40 25 
Mysz 54 75 64 14 27 82 82 
Mysz 53 44 53 51 78 9 30 
Mysz 9 92 60 74 78 3 
Mysz 89 84 68 53 44 53 
Mysz 34 12 80 87 34 69 5 
Mysz 24 13 69 5 8 82 
Mysz 23 96 44 96 60 42 7 
Mysz 7 37 34 44 
Mysz 89 84 31 9 30 48 74 
Mysz 67 14 44 
Mysz 53 44 53 51 68 90 28 
Mysz 66 10 19 78 3 
Mysz 39 50 41 89 46 52 
Mysz 63 14 23 
Mysz 44 82 9 85 13 61 65 93 
Mysz 23 96 44 96 83 82 68 
Mysz 29 81 48 90 22 
Mysz 22 0 46 49 27 82 
Mysz 9 19 83 82 68 
Mysz 32 79 96 31 49 62 24 40 
Mysz 72 22 46 6 53 61 
Mysz 24 13 54 30 
Mysz 63 23 30 17 57 73 88 34 
Mysz 68 90 28 31 72 26 99 
Mysz 89 84 69 26 53 7 
Mysz 23 96 44 96 69 78 9 30 
Mysz 46 52 51 37 34 44 
Mysz 65 62 77 8 9 92 60 74 
Mysz 73 58 36 38 23 0 
Mysz 57 73 88 51 53 86 
Mysz 13 38 64 53 84 66 21 10 
Mysz 85 61 71 82 17 57 
Mysz 11 99 25 53 47 66 15 
Mysz 60 94 22 87 81 78 
Mysz 73 58 36 38 84 53 46 60 32 
Mysz 67 71 85 70 44 82 9 85 13 
Mysz 89 84 68 78 23 
Mysz 54 30 6 10 83 61 
Mysz 17 4 75 37 34 44 
Mysz 9 19 57 14 27 82 82 
Mysz 77 44 61 63 55 78 61 
Mysz 89 84 67 40 
Mysz 60 78 34 6 24 
Mysz 80 35 62 45 65 
Mysz 34 12 80 87 13 89 39 
Mysz 63 14 78 61 
Mysz 78 93 87 29 53 47 66 
Mysz 44 82 9 85 75 99 7 
Mysz 17 4 75 78 3 
Mysz 59 24 31 49 62 24 40 
Mysz 89 84 31 74 65 
Mysz 34 21 4 68 90 60 94 22 80 
Mysz 89 84 75 99 7 
Mysz 53 44 53 51 31 72 26 99 
Mysz 65 62 77 8 99 85 35 0 67 
Mysz 32 79 96 13 38 64 53 84 
Mysz 9 19 83 54 30 90 
Mysz 26 11 52 19 19 99 55 6 65 
Mysz 78 65 51 48 
Mysz 59 24 31 49 19 22 9 25 51 
Mysz 9 19 83 78 78 7 
Mysz 65 62 77 7 94 47 85 94 
Mysz 85 61 71 49 27 82 
Mysz 85 94 40 60 27 94 47 85 94 
Mysz 65 62 77 7 99 3 27 93 4 
Mysz 70 33 5 53 63 47 12 
Mysz 68 90 28 52 5 66 8 88 
Mysz 34 21 4 68 90 54 30 
Mysz 68 90 28 31 41 13 
Mysz 31 72 26 99 41 83 86 72 
Mysz 17 4 75 88 89 57 
Mysz 68 90 28 70 33 5 53 
Mysz 7 37 6 53 61 
Mysz 81 67 63 77 
Mysz 44 82 9 85 90 13 90 25 
Mysz 70 33 5 53 23 96 44 96 
Mysz 6 10 83 78 75 36 
Mysz 24 13 69 76 94 
Mysz 29 54 85 73 58 54 
Mysz 46 52 60 42 7 
Mysz 71 62 5 53 19 3 
Mysz 67 75 99 7 
Mysz 78 65 62 77 
Mysz 24 13 90 13 90 25 
Mysz 74 65 62 77 
Mysz 56 74 89 94 47 85 
Mysz 89 84 68 60 94 22 80 20 
Mysz 73 58 36 38 54 30 74 
Mysz 18 77 41 87 41 52 
Mysz 68 0 6 10 83 61 
Mysz 66 58 68 90 28 
Mysz 60 78 34 66 58 90 
Mysz 69 77 67 5 66 8 88 
Mysz 82 17 57 88 6 24 
Mysz 78 7 9 85 90 13 90 25 
Mysz 57 73 88 6 14 40 
Mysz 78 48 
Mysz 56 74 87 71 34 81 40 
Mysz 77 44 61 63 89 84 31 
Mysz 59 24 31 49 29 54 85 29 
Mysz 34 21 4 68 23 96 44 96 
Mysz 73 45 0 22 89 84 31 75 
Mysz 78 65 53 44 53 
Mysz 8 0 41 69 77 68 
Mysz 73 58 36 61 65 93 
Mysz 9 92 60 74 99 85 35 0 67 
Mysz 34 12 80 5 9 19 83 99 
Mysz 63 23 30 17 61 34 12 80 87 
Mysz 34 12 80 87 13 38 64 53 84 
Mysz 2 44 23 96 44 96 
Mysz 89 84 5 66 8 88 
Mysz 23 96 44 96 97 3 88 55 
Mysz 69 80 35 25 11 71 52 
Mysz 53 44 53 68 78 78 7 
Mysz 54 75 64 65 62 77 
Mysz 67 71 85 70 83 86 72 
Mysz 57 73 88 5 8 82 
Mysz 9 19 83 83 82 68 
Mysz 6 10 83 69 80 
Mysz 66 10 19 89 84 6 
Mysz 90 13 90 25 70 5 24 
Mysz 28 66 40 22 46 
Mysz 34 21 4 68 78 23 
Mysz 9 92 60 74 25 32 
Mysz 13 38 64 53 72 22 46 99 
Mysz 67 34 69 5 
Mysz 9 92 60 74 25 69 77 67 99 
Mysz 28 66 40 34 21 4 
Mysz 13 38 64 53 84 75 36 95 36 
Mysz 51 53 86 60 42 7 34 
Mysz 53 44 53 51 99 3 27 93 4 
Mysz 69 77 67 5 73 58 36 
Mysz 44 82 9 85 29 11 82 34 
Mysz 85 61 71 73 58 36 
Mysz 67 57 67 44 82 9 85 
Mysz 73 58 36 38 37 36 80 
Mysz 85 61 71 5 8 82 
Mysz 73 58 36 38 60 42 7 34 
Mysz 85 61 71 53 47 66 31 
Mysz 78 93 87 41 69 77 80 
Mysz 9 92 60 74 24 13 
Mysz 32 79 96 31 78 61 
Mysz 66 58 68 88 36 71 79 
Mysz 89 84 31 78 
Mysz 29 54 85 51 53 86 59 
Mysz 89 84 56 74 87 31 
Mysz 89 84 31 83 82 31 49 
Mysz 44 82 9 85 17 4 75 40 93 
Mysz 66 10 19 8 0 51 
Mysz 78 93 87 65 62 77 7 99 
Mysz 32 79 96 41 69 77 
Mysz 59 24 31 49 66 58 90 
Mysz 41 69 77 47 94 62 
Mysz 82 17 57 88 87 95 41 
Mysz 73 58 36 87 83 76 20 
Mysz 57 73 88 41 13 38 
Mysz 68 90 28 70 0 35 57 
Mysz 6 24 51 78 23 
Mysz 78 49 27 82 
Mysz 89 84 31 9 64 87 92 84 68 
Mysz 46 52 2 44 
Mysz 77 44 61 63 67 57 67 
Mysz 23 96 44 96 53 47 66 31 
Mysz 67 71 85 63 23 30 17 
Mysz 46 52 51 53 44 53 
Mysz 72 22 46 54 30 
Mysz 7 37 6 23 96 44 96 68 
Mysz 34 12 80 5 9 19 83 
Mysz 51 53 86 73 45 0 
Mysz 57 73 88 9 92 60 74 
Mysz 22 0 46 65 62 77 7 
Mysz 69 77 67 5 98 8 15 
Mysz 34 12 80 69 77 67 59 
Mysz 34 21 4 68 90 67 71 85 70 80 
Mysz 24 13 69 87 95 41 
Mysz 34 21 4 68 90 47 94 62 
Mysz 85 61 71 69 77 67 
Mysz 9 92 60 52 62 40 25 
Mysz 83 82 69 68 90 28 39 
Mysz 89 84 65 62 77 7 
Mysz 89 84 9 19 83 69 
Mysz 73 58 36 38 84 31 72 26 99 
Mysz 85 61 71 59 24 31 
Mysz 67 57 67 73 58 36 
Mysz 56 74 87 70 77 44 61 63 53 
Mysz 81 67 11 
Mysz 69 77 67 70 33 5 53 
Mysz 9 19 83 98 8 15 87 
Mysz 13 38 64 53 7 0 58 
Mysz 17 4 75 54 30 
Mysz 89 84 63 68 90 28 70 
Mysz 68 90 28 13 0 81 99 
Mysz 56 74 99 85 35 0 67 
Mysz 92 94 89 53 41 13 38 
Mysz 9 92 60 74 38 14 
Mysz 34 21 4 68 90 8 0 51 
Mysz 17 4 75 32 79 96 13 
Mysz 41 69 77 46 66 92 
Mysz 4 21 52 4 75 73 59 
Mysz 34 21 4 68 45 99 85 
Mysz 77 44 61 63 53 44 53 
Mysz 53 44 53 51 69 26 53 7 
Mysz 67 34 23 30 34 
Mysz 73 58 36 38 1 51 93 
Mysz 73 58 36 38 2 44 
Mysz 17 4 75 40 93 29 54 85 29 
Mysz 46 52 51 53 44 53 
Mysz 60 42 7 34 33 2 48 
Mysz 8 0 51 92 50 12 
Mysz 74 65 54 75 
Mysz 46 52 51 23 96 44 
Mysz 63 23 30 17 70 5 24 
Mysz 17 4 75 67 57 67 
Mysz 13 38 64 53 84 56 74 87 31 
Mysz 78 85 61 71 
Mysz 89 84 65 52 62 40 25 
Mysz 89 84 68 65 34 12 80 
Mysz 16 48 16 39 13 63 
Mysz 89 84 7 74 
Mysz 78 53 44 53 68 
Mysz 64 87 92 84 68 26 11 52 19 19 
Mysz 34 12 80 5 87 95 41 
Mysz 34 12 80 87 9 92 60 74 25 
Mysz 4 21 31 49 62 24 40 
Mysz 89 84 68 47 94 62 
Mysz 78 93 87 65 86 48 70 48 
Mysz 29 54 85 44 82 9 85 92 
Mysz 9 19 57 63 23 30 17 
Mysz 68 90 28 70 53 47 66 15 
Mysz 78 53 44 89 84 31 75 
Mysz 89 84 89 84 6 
Mysz 89 84 68 65 8 0 51 
Mysz 89 84 68 60 99 85 35 0 
Mysz 73 45 0 22 66 
Mysz 2 44 51 66 58 90 
Mysz 69 77 67 70 94 47 85 94 
Mysz 89 84 31 83 87 95 41 
Mysz 28 66 40 0 81 99 
Mysz 77 44 61 63 65 39 63 
Mysz 65 62 77 7 71 62 5 29 
Mysz 14 23 2 66 58 52 4 
Mysz 2 44 51 69 80 56 
Mysz 65 62 77 7 7 74 
Mysz 9 92 60 74 25 41 13 38 
Mysz 73 58 36 22 0 94 
Mysz 81 48 90 22 51 86 55 16 
Mysz 28 66 40 89 54 75 64 
Mysz 2 44 51 24 13 
Mysz 66 58 68 68 0 6 74 
Mysz 85 61 71 16 48 16 39 
Mysz 14 23 2 23 96 44 96 
Mysz 13 38 64 53 46 52 87 
Mysz 8 0 51 46 52 
Mysz 6 24 51 75 99 74 
Mysz 78 85 41 52 
Mysz 64 87 92 84 68 85 61 71 
Mysz 72 22 46 44 82 9 85 13 
Mysz 9 92 60 74 99 32 43 
Mysz 24 13 69 82 17 57 
Mysz 63 23 30 17 61 44 82 9 85 13 
Mysz 77 44 61 63 28 66 40 89 
Mysz 2 44 51 26 11 52 19 19 
Mysz 80 35 53 44 53 51 
Mysz 22 0 63 23 30 
Mysz 11 99 25 53 29 81 48 
Mysz 46 52 60 77 44 61 63 
Mysz 24 13 51 53 86 
Mysz 13 38 64 53 84 9 92 60 74 
Mysz 23 96 44 96 69 77 67 59 61 
Mysz 11 99 25 26 11 52 19 19 
Mysz 73 58 54 54 75 
Mysz 44 82 9 85 17 4 75 
Mysz 53 44 53 68 99 85 35 0 
Mysz 59 24 31 49 68 90 28 
Mysz 89 84 89 34 12 80 87 
Mysz 24 13 82 
Mysz 89 84 9 31 72 26 99 
Mysz 11 99 25 26 65 39 
Mysz 46 52 74 63 41 
Mysz 28 66 40 7 0 58 
Mysz 81 48 90 22 14 23 
Mysz 78 65 75 36 95 36 
Mysz 23 96 44 96 81 2 
Mysz 13 38 64 53 44 82 9 85 92 
Mysz 31 72 26 99 47 94 62 
Mysz 68 90 28 53 47 66 15 95 
Mysz 24 13 89 84 31 
Mysz 82 17 57 88 53 44 53 68 
Mysz 87 95 41 77 44 61 63 
Mysz 69 80 23 96 44 96 
Mysz 44 82 9 85 89 84 6 
Mysz 60 78 34 34 21 4 68 
Mysz 46 52 74 52 62 40 25 
Mysz 81 67 65 62 77 7 99 
Mysz 63 14 8 0 5 
Mysz 85 61 71 22 0 46 
Mysz 75 99 7 3 90 
Mysz 23 96 44 96 59 24 31 49 
Mysz 41 69 77 66 
Mysz 63 23 30 17 78 63 23 
Mysz 9 19 41 69 77 
Mysz 34 21 4 78 75 36 
Mysz 34 12 80 8 0 51 99 
Mysz 73 45 0 22 9 92 60 74 
Mysz 32 79 96 82 17 57 17 
Mysz 17 4 75 65 62 77 8 
Mysz 8 0 51 69 77 67 59 61 
Mysz 73 58 36 38 67 75 6 
Mysz 78 93 87 29 17 4 75 40 93 
Mysz 24 13 51 32 79 96 70 
Mysz 28 66 40 26 11 52 19 
Mysz 34 21 4 94 47 85 
Mysz 68 90 28 53 23 96 44 
Mysz 13 38 64 53 84 26 11 52 19 19 
Mysz 63 23 30 17 61 78 7 9 85 
Mysz 46 52 51 34 69 5 
Mysz 2 44 51 63 23 30 17 
Mysz 89 84 68 60 78 93 87 65 
Mysz 8 0 51 23 96 44 96 
Mysz 34 21 4 68 90 65 62 77 7 
Mysz 24 13 89 6 
Mysz 53 44 53 51 34 12 80 87 
Mysz 9 19 83 9 19 83 98 23 
Mysz 9 92 60 74 99 28 53 44 
Mysz 65 62 77 8 99 53 44 53 51 
Mysz 73 45 0 22 9 92 60 74 
Mysz 23 96 44 96 54 69 80 80 98 
Mysz 73 45 0 22 90 13 90 25 
Mysz 89 84 89 81 48 90 22 
Mysz 32 79 96 74 53 
Mysz 59 24 31 49 68 90 28 70 
Mysz 74 65 63 17 4 
Mysz 78 65 75 71 34 81 40 
Mysz 51 53 86 53 44 53 51 
Mysz 8 0 51 78 7 9 85 
Mysz 34 12 80 87 75 99 66 
Mysz 6 10 83 69 80 0 
Mysz 73 45 0 22 73 45 0 
Mysz 24 13 69 77 67 59 
Mysz 89 84 68 17 4 75 40 
Mysz 9 92 60 83 82 68 
Mysz 34 21 4 68 9 19 83 98 23 
Mysz 9 19 41 67 40 
Mysz 67 75 89 84 31 75 
Mysz 53 47 66 68 90 28 39 
Mysz 89 84 63 32 
Mysz 9 19 83 68 90 28 
Mysz 85 61 71 82 17 57 
Mysz 69 77 67 5 69 26 53 7 
Mysz 65 62 77 8 99 17 4 75 40 
Mysz 53 44 53 51 41 13 38 
Mysz 89 84 65 28 53 44 
Mysz 9 92 60 74 89 84 68 60 
Mysz 6 10 83 54 30 9 
Mysz 17 4 75 40 93 77 44 61 63 
Mysz 82 17 57 88 23 30 34 
Mysz 17 4 75 6 10 83 34 
Mysz 4 21 52 4 60 42 7 34 
Mysz 81 48 90 22 9 19 57 
Mysz 68 0 6 46 52 74 13 
Mysz 51 53 86 44 82 9 85 
Mysz 53 44 53 51 63 23 30 17 
Mysz 67 57 67 9 19 83 98 23 
Mysz 9 19 41 72 22 46 93 
Mysz 53 44 53 34 12 80 44 
Mysz 89 84 68 60 31 72 26 
Mysz 9 92 60 52 23 96 44 96 
Mysz 89 84 31 83 78 7 9 85 
Mysz 78 93 87 29 17 4 75 
Mysz 89 84 68 9 19 83 69 
Mysz 56 74 87 71 34 21 4 68 
Mysz 11 99 25 53 89 84 31 
Mysz 78 93 87 29 74 65 26 
Mysz 81 67 53 44 53 
Mysz 9 92 60 74 34 21 4 68 
Mysz 38 14 17 4 75 82 
Mysz 9 92 60 52 46 52 51 
Mysz 9 19 83 77 44 61 63 
Mysz 78 93 87 65 66 58 52 4 
Mysz 85 61 71 77 44 61 63 
Mysz 57 73 88 31 72 26 
Mysz 65 62 77 7 99 78 7 9 85 
Mysz 72 22 46 56 74 87 31 
Mysz 73 58 36 38 11 99 25 26 
Mysz 67 71 85 70 53 47 66 
Mysz 22 0 46 99 3 27 93 4 
Mysz 99 85 35 0 67 57 73 88 90 
Mysz 56 74 99 85 70 33 5 53 
Mysz 94 47 85 94 23 96 44 
Mysz 82 17 57 14 27 82 82 
Mysz 9 19 83 23 96 44 96 67 
Mysz 31 72 26 99 28 55 37 
Mysz 11 99 25 24 13 
Mysz 56 74 89 73 58 36 
Mysz 57 73 88 44 82 9 85 17 
Mysz 53 44 53 34 39 50 41 89 
Mysz 46 52 51 9 92 60 74 
Mysz 73 45 0 22 35 35 35 
Mysz 78 44 82 77 44 61 63 
Mysz 73 58 36 38 34 12 80 87 
Mysz 87 95 41 77 85 61 71 16 
Mysz 34 12 80 69 16 48 16 39 
Mysz 31 49 62 24 40 45 87 31 50 
Mysz 61 65 93 48 98 86 
Mysz 52 62 40 25 34 33 51 
Mysz 19 
Mysz 58 20 
Mysz 99 20 
Mysz 45 65 67 
Mysz 97 3 88 55 25 73 47 
Mysz 5 66 8 88 18 64 62 85 
Mysz 35 35 35 28 88 
Mysz 3 81 35 76 97 
Mysz 99 8 52 89 
Mysz 90 35 
Mysz 29 45 60 42 22 85 
Mysz 0 81 99 97 20 
Mysz 61 52 97 92 41 85 93 70 90 
Mysz 88 36 71 79 18 78 10 75 
Mysz 10 64 49 90 92 
Mysz 54 85 37 23 53 19 92 74 89 
Mysz 77 81 4 5 94 30 91 72 
Mysz 92 50 12 91 29 
Mysz 19 22 9 25 51 78 80 85 42 
Mysz 46 66 92 68 85 19 
Mysz 99 3 27 93 4 77 6 46 14 
Mysz 47 12 99 
Mysz 0 35 57 3 62 
Mysz 11 
Mysz 7 21 62 67 12 43 7 43 
Mysz 51 53 44 25 34 36 
Mysz 70 5 24 13 97 17 
Mysz 24 
Mysz 80 98 15 44 21 76 25 6 36 
Mysz 87 83 76 20 60 0 9 47 
Mysz 44 50 59 67 58 95 89 75 
Mysz 40 10 39 68 
Mysz 98 39 17 41 39 15 17 93 
Mysz 47 94 62 70 71 
Mysz 84 53 46 60 32 58 22 50 25 
Mysz 66 85 
Mysz 82 
Mysz 2 48 96 43 
Mysz 90 50 16 40 29 
Mysz 75 36 95 36 88 16 45 
Mysz 41 13 9 
Mysz 86 48 70 48 11 42 29 71 
Mysz 5 53 19 3 76 5 1 
Mysz 88 89 57 53 97 2 
Mysz 18 15 
Mysz 32 
Mysz 51 86 55 16 38 14 55 32 
Mysz 25 18 15 25 
Mysz 53 
Mysz 23 30 34 6 26 
Mysz 28 55 37 34 44 
Mysz 78 32 
Mysz 68 90 28 80 39 82 
Mysz 80 35 62 77 42 
Mysz 24 13 85 
Mysz 63 67 63 77 
Mysz 37 36 80 39 82 
Mysz 67 40 10 
Mysz 7 74 90 76 
Mysz 78 61 65 93 
Mysz 31 72 26 99 41 68 90 28 
Mysz 78 23 30 34 
Mysz 82 17 57 88 60 42 7 
Mysz 89 59 24 
Mysz 9 92 60 74 25 63 67 
Mysz 70 33 5 53 63 95 99 88 65 
Mysz 99 85 35 0 67 51 48 
Mysz 34 12 80 87 18 77 41 87 
Mysz 44 82 9 85 13 88 36 71 79 
Mysz 78 7 9 85 35 68 96 49 
Mysz 51 53 86 51 35 83 
Mysz 2 44 4 21 
Mysz 6 10 83 61 52 97 92 41 
Mysz 54 30 40 10 
Mysz 60 94 22 80 20 44 82 9 85 13 
Mysz 69 77 67 99 3 27 93 4 
Mysz 4 21 54 85 37 23 53 
Mysz 75 99 74 90 76 
Mysz 14 27 82 92 50 12 
Mysz 94 47 85 94 75 36 95 36 
Mysz 69 77 67 59 77 42 
Mysz 68 90 28 52 61 52 97 92 41 
Mysz 34 69 5 8 82 
Mysz 63 23 30 17 47 94 62 
Mysz 67 57 67 32 43 
Mysz 70 58 74 90 76 
Mysz 69 77 67 59 61 52 97 92 41 
Mysz 78 78 7 9 85 
Mysz 69 26 53 7 0 81 99 
Mysz 14 23 2 81 
Mysz 54 75 85 
Mysz 83 82 68 51 48 
Mysz 26 11 52 19 19 7 74 
Mysz 22 0 46 75 99 74 
Mysz 17 4 75 45 65 
Mysz 82 17 57 88 63 
Mysz 38 14 51 48 
Mysz 65 39 63 53 
Mysz 14 27 82 82 17 57 88 
Mysz 68 90 28 13 14 27 
Mysz 47 95 40 6 53 61 
Mysz 13 38 64 53 84 95 99 88 65 
Mysz 18 77 41 87 9 92 60 74 
Mysz 4 21 98 39 17 41 
Mysz 54 30 90 13 90 25 
Mysz 9 92 60 74 25 80 35 72 
Mysz 80 35 74 65 
Mysz 53 44 53 60 42 7 
Mysz 24 13 69 9 30 48 74 
Mysz 56 74 87 31 49 62 24 40 
Mysz 32 79 96 70 33 5 53 
Mysz 81 92 50 12 
Mysz 17 4 75 75 36 95 36 
Mysz 78 75 36 95 36 
Mysz 6 24 81 
Mysz 8 71 34 81 40 
Mysz 63 23 30 17 61 65 62 77 
Mysz 72 22 46 93 92 50 12 
Mysz 65 62 77 7 81 
Mysz 64 87 92 84 68 57 73 88 34 
Mysz 81 78 75 36 
Mysz 78 7 9 85 46 66 92 
Mysz 78 51 53 86 26 
Mysz 22 0 67 63 77 
Mysz 23 96 44 96 89 67 
Mysz 94 47 85 94 54 75 
Mysz 34 12 80 71 34 81 40 
Mysz 98 8 15 66 21 10 
Mysz 41 13 38 64 53 84 
Mysz 9 19 83 78 23 
Mysz 78 51 53 86 26 
Mysz 83 82 51 86 55 16 
Mysz 34 12 80 87 6 24 
Mysz 60 42 7 34 33 7 74 
Mysz 46 52 51 63 47 95 
Mysz 44 82 9 85 22 0 67 
Mysz 77 44 61 63 78 51 53 
Mysz 99 55 6 65 61 65 93 
Mysz 69 80 80 98 15 44 21 
Mysz 75 99 66 78 7 9 85 
Mysz 53 47 66 17 4 75 
Mysz 6 90 
Mysz 69 77 67 59 87 83 76 20 
Mysz 54 30 74 90 76 
Mysz 63 23 30 17 10 64 49 
Mysz 2 44 51 19 
Mysz 60 94 22 80 20 56 74 87 
Mysz 68 0 63 46 52 51 
Mysz 34 21 4 68 32 
Mysz 63 23 30 17 61 35 35 35 
Mysz 77 44 61 63 53 47 66 15 95 
Mysz 87 95 41 45 65 
Mysz 54 30 37 36 80 
Mysz 41 69 77 68 90 28 52 61 
Mysz 90 13 90 25 6 10 83 61 
Mysz 17 4 75 53 
Mysz 23 96 44 96 29 45 60 
Mysz 5 8 82 69 45 65 
Mysz 32 79 96 13 8 71 34 
Mysz 46 52 51 81 78 
Mysz 24 13 8 0 
Mysz 99 85 35 0 67 0 81 99 
Mysz 34 12 80 87 8 71 34 
Mysz 23 96 44 96 69 41 13 38 
Mysz 85 61 71 99 8 
Mysz 65 62 77 7 63 
Mysz 89 84 31 75 36 95 36 
Mysz 9 19 83 77 44 61 63 53 
Mysz 44 82 9 85 80 39 82 
Mysz 6 24 51 77 44 61 63 
Mysz 53 44 53 51 72 22 46 93 
Mysz 77 44 61 63 71 34 81 40 
Mysz 68 90 28 39 50 41 89 
Mysz 35 25 11 71 52 4 75 73 59 
Mysz 34 12 80 87 23 0 
Mysz 39 50 41 89 78 7 9 85 
Mysz 34 69 2 48 
Mysz 17 4 75 40 93 61 65 93 
Mysz 9 19 83 99 3 27 93 4 
Mysz 29 54 85 29 11 82 34 
Mysz 53 44 53 51 67 40 
Mysz 60 94 22 94 47 85 
Mysz 46 52 51 66 
Mysz 34 12 80 44 82 9 85 13 
Mysz 87 95 41 19 
Mysz 9 92 60 74 25 51 86 55 16 
Mysz 81 48 90 22 69 77 67 99 
Mysz 26 11 52 19 19 67 57 67 
Mysz 9 92 60 74 25 77 44 61 63 53 
Mysz 69 80 56 53 98 8 15 
Mysz 74 53 47 66 
Mysz 71 62 5 29 11 82 34 
Mysz 17 4 75 77 42 
Mysz 63 23 30 17 61 94 47 85 94 
Mysz 16 48 16 39 34 12 80 44 
Mysz 53 47 66 31 72 26 99 
Mysz 26 11 52 19 19 44 82 9 85 13 
Mysz 18 77 41 87 67 40 
Mysz 46 52 51 46 66 92 
Mysz 69 80 0 81 99 
Mysz 46 52 7 0 58 
Mysz 81 67 1 51 93 
Mysz 72 22 46 99 85 35 0 
Mysz 87 95 41 63 67 
Mysz 23 96 44 96 68 90 28 52 61 
Mysz 17 4 75 71 34 81 40 
Mysz 41 69 77 78 9 30 
Mysz 13 38 64 53 84 9 19 83 77 
Mysz 89 84 34 12 80 71 
Mysz 65 62 77 7 63 23 30 17 
Mysz 8 0 51 99 85 35 0 
Mysz 87 95 41 2 48 
Mysz 53 44 53 68 71 62 5 29 
Mysz 81 48 90 22 39 50 41 89 
Mysz 29 81 48 99 8 
Mysz 59 24 31 49 56 74 87 31 
Mysz 9 19 57 61 65 93 
Mysz 78 93 87 81 67 68 90 
Mysz 5 8 82 69 81 67 1 
Mysz 74 65 53 47 66 
Mysz 65 62 77 8 99 6 14 40 
Mysz 82 17 57 17 4 75 75 
Mysz 8 0 51 34 12 80 
Mysz 69 80 56 87 95 
Mysz 66 58 52 4 75 73 59 
Mysz 65 62 77 7 99 69 80 56 53 
Mysz 73 58 36 67 57 67 
Mysz 65 62 77 7 53 44 53 
Mysz 6 24 51 69 80 0 
Mysz 7 37 80 35 62 
Mysz 8 0 5 8 82 
Mysz 8 6 
Mysz 68 90 28 70 28 55 37 
Mysz 34 21 4 68 16 48 16 39 
Mysz 17 4 75 40 93 18 77 41 87 
Mysz 85 61 71 23 0 
Mysz 85 61 71 14 27 82 
Mysz 85 61 71 94 47 85 94 
Mysz 73 58 36 38 84 65 62 77 
Mysz 34 21 4 68 54 75 64 14 44 
Mysz 9 92 60 74 99 54 30 37 
Mysz 9 19 51 53 44 
Mysz 65 62 77 7 46 52 7 
Mysz 89 84 75 77 44 61 63 53 
Mysz 51 53 86 59 24 31 49 
Mysz 9 19 83 69 77 67 59 61 
Mysz 14 23 2 14 23 
Mysz 63 23 30 17 61 89 67 
Mysz 80 35 62 81 
Mysz 9 92 60 74 34 12 80 87 
Mysz 6 34 21 4 68 54 
Mysz 18 77 41 87 9 92 60 74 
Mysz 54 75 70 33 5 53 
Mysz 31 72 26 99 46 52 51 
Mysz 65 62 77 7 9 92 60 74 
Mysz 17 4 75 22 0 46 
Mysz 8 87 95 41 
Mysz 85 61 71 53 6 53 61 
Mysz 16 48 16 39 31 72 26 99 
Mysz 78 81 2 
Mysz 63 23 30 17 61 7 37 80 
Mysz 73 45 0 22 6 24 
Mysz 14 27 82 35 25 11 71 52 
Mysz 13 38 64 53 89 84 6 
Mysz 17 4 75 0 81 99 
Mysz 99 85 35 0 67 60 42 7 34 
Mysz 24 13 6 24 
Mysz 34 12 80 5 75 99 66 
Mysz 16 48 16 39 9 19 51 
Mysz 63 41 69 77 
Mysz 53 44 53 51 99 78 7 9 85 
Mysz 82 17 57 88 66 58 52 4 
Mysz 67 71 85 70 65 62 77 7 99 
Mysz 53 44 53 51 51 86 55 16 
Mysz 89 84 68 63 23 30 
Mysz 34 12 80 5 34 12 80 87 
Mysz 67 34 16 48 16 39 
Mysz 90 13 90 25 9 92 60 74 
Mysz 6 24 51 87 95 41 
Mysz 98 8 15 87 83 76 20 
Mysz 23 96 44 96 54 68 90 28 
Mysz 53 47 66 15 95 34 12 80 
Mysz 34 21 4 68 65 62 77 7 
Mysz 22 0 94 47 85 94 
Mysz 59 24 31 49 19 8 0 5 
Mysz 46 52 60 9 19 83 69 
Mysz 28 66 40 89 84 69 99 
Mysz 23 96 44 96 69 5 8 82 
Mysz 69 77 67 5 87 95 41 
Mysz 7 3 90 50 16 
Mysz 28 66 40 73 58 54 
Mysz 22 0 46 23 30 34 
Mysz 54 75 6 24 51 
Mysz 45 65 34 69 
Mysz 81 48 90 22 68 90 28 70 
Mysz 31 72 26 99 24 13 
Mysz 6 24 51 63 23 30 17 
Mysz 60 78 34 89 84 68 99 
Mysz 17 4 75 32 83 82 51 
Mysz 39 50 41 78 61 
Mysz 68 90 28 70 53 47 66 
Mysz 89 84 68 53 47 66 31 
Mysz 73 58 36 38 22 0 94 
Mysz 54 75 64 8 0 5 
Mysz 34 12 80 24 13 69 59 
Mysz 63 23 30 17 9 92 60 74 
Mysz 68 90 28 13 63 23 30 17 
Mysz 74 65 26 11 52 19 
Mysz 44 82 9 85 92 94 89 53 68 
Mysz 9 92 60 52 34 12 80 
Mysz 89 84 68 32 
Mysz 69 77 67 5 78 51 53 
Mysz 34 12 80 23 96 44 96 
Mysz 9 92 60 53 44 53 51 
Mysz 46 52 87 83 76 20 
Mysz 13 38 64 53 84 9 92 60 74 
Mysz 82 17 57 63 23 30 
Mysz 85 61 71 99 85 35 0 
Mysz 9 19 83 68 90 28 70 
Mysz 9 19 83 98 23 96 44 96 68 
Mysz 60 78 34 37 34 44 
Mysz 78 87 95 41 
Mysz 46 52 51 63 23 30 34 
Mysz 17 4 75 74 65 53 
Mysz 44 82 9 85 94 47 85 94 
Mysz 80 35 9 92 60 74 
Mysz 17 4 75 90 13 90 25 
Mysz 68 0 6 74 65 63 23 
Mysz 87 95 41 99 85 35 0 
Mysz 53 44 53 51 18 77 41 87 
Mysz 34 21 4 68 7 3 90 
Mysz 85 61 71 67 57 67 
Mysz 46 52 51 87 95 41 
Mysz 77 44 61 63 90 13 90 25 
Mysz 6 10 83 34 12 80 5 
Mysz 89 84 31 17 4 75 
Mysz 69 80 56 81 2 
Mysz 68 90 28 70 81 78 
Mysz 46 52 51 53 44 53 
Mysz 23 96 44 96 67 71 85 70 65 
Mysz 77 44 61 63 53 47 66 15 
Mysz 54 75 54 30 74 
Mysz 78 7 9 85 35 35 35 
Mysz 89 84 31 9 64 3 81 35 
Mysz 82 17 57 99 
Mysz 89 84 63 0 81 99 
Mysz 28 66 40 68 90 28 52 61 
Mysz 66 10 19 9 92 60 74 25 
Mysz 9 92 60 52 67 57 67 
Mysz 39 50 41 60 94 22 80 
Mysz 78 89 84 69 99 
Mysz 63 23 30 17 61 80 35 62 
Mysz 78 93 87 29 29 81 48 90 
Mysz 69 77 67 5 64 61 10 44 
Mysz 34 12 80 65 62 77 
Mysz 17 4 75 82 17 57 17 
Mysz 89 84 65 34 12 80 
Mysz 89 84 65 66 58 90 
Mysz 78 93 87 65 81 48 90 22 
Mysz 26 11 52 19 19 41 13 
Mysz 24 13 69 72 22 46 93 
Mysz 63 17 4 75 75 
Mysz 32 79 96 69 5 32 61 
Mysz 17 4 75 40 93 71 34 81 40 
Mysz 24 13 69 73 58 36 
Mysz 16 48 16 9 92 60 52 
Mysz 9 92 60 18 77 41 87 
Mysz 63 60 42 7 
Mysz 28 66 40 89 89 84 68 
Mysz 63 23 30 17 60 94 22 80 
Mysz 82 17 57 32 
Mysz 73 45 0 8 71 34 
Mysz 7 3 16 48 16 9 
Mysz 54 30 6 38 14 
Mysz 24 13 23 96 44 96 
Mysz 89 84 31 9 82 17 57 88 
Mysz 9 92 60 14 27 82 82 
Mysz 67 77 44 61 63 
Mysz 85 61 71 34 21 4 
Mysz 9 19 83 63 23 30 17 
Mysz 2 44 51 99 85 35 0 67 
Mysz 8 0 51 46 52 51 
Mysz 70 33 5 53 82 17 57 88 
Mysz 23 96 44 96 4 21 98 
Mysz 64 87 92 84 29 45 60 
Mysz 73 58 36 34 12 80 
Mysz 46 52 90 50 16 
Mysz 54 75 64 16 48 16 39 
Mysz 46 52 74 13 38 64 53 
Mysz 67 75 6 24 51 63 
Mysz 85 61 71 63 23 30 
Mysz 89 84 68 60 47 12 
Mysz 13 38 64 53 84 78 51 53 
Mysz 28 53 44 53 68 
Mysz 29 54 85 51 80 98 15 44 21 
Mysz 11 99 25 51 53 86 59 
Mysz 63 23 30 17 68 90 28 
Mysz 56 74 34 69 5 
Mysz 78 53 44 10 64 49 
Mysz 14 23 2 73 58 36 38 
Mysz 63 23 30 17 54 75 64 16 
Mysz 17 4 75 40 93 24 13 69 9 
Mysz 70 33 5 53 67 71 85 70 
Mysz 41 67 57 67 
Mysz 89 84 69 6 24 
Mysz 2 44 51 69 77 67 59 
Mysz 67 34 51 53 86 59 
Mysz 4 21 78 89 84 
Mysz 41 69 77 63 23 30 17 
Mysz 68 90 28 52 34 12 80 87 
Mysz 17 4 75 40 93 85 61 71 
Mysz 63 23 30 17 61 23 96 44 96 
Mysz 77 44 61 63 34 12 80 87 
Mysz 78 85 66 58 52 4 
Mysz 11 99 25 53 18 77 41 87 
Mysz 34 12 80 5 75 99 66 
Mysz 34 12 80 87 69 80 80 98 
Mysz 81 34 12 80 5 
Mysz 38 14 89 84 69 
Mysz 89 84 9 9 19 83 99 
Mysz 75 99 66 74 65 26 
Mysz 44 82 9 85 13 6 10 83 34 
Mysz 68 90 28 52 2 48 
Mysz 34 21 4 68 90 46 52 51 
Mysz 54 30 9 19 83 77 
Mysz 34 12 80 5 8 0 51 99 
Mysz 28 70 33 5 53 
Mysz 85 61 71 16 60 78 34 
Mysz 24 13 5 99 85 35 0 
Mysz 89 84 68 81 92 
Mysz 63 23 30 17 61 9 92 60 53 
Mysz 89 84 87 51 53 86 59 
Mysz 63 23 30 17 61 9 92 60 74 
Mysz 34 21 4 68 63 23 30 17 
Mysz 57 73 88 9 63 41 
Mysz 2 44 51 67 75 6 
Mysz 89 84 68 60 98 8 15 87 
Mysz 60 78 34 34 66 58 52 4 
Mysz 73 58 36 38 63 23 30 17 
Mysz 81 67 65 62 34 12 80 71 
Mysz 92 94 89 53 9 19 83 69 
Mysz 31 72 26 99 99 
Mysz 22 0 46 65 34 12 80 5 
Mysz 47 95 40 6 34 21 
Mysz 23 96 44 96 69 53 44 53 68 
Mysz 72 22 46 93 10 64 49 
Mysz 7 37 78 93 87 81 
Mysz 9 92 60 74 25 17 4 75 40 93 
Mysz 56 74 99 85 8 0 51 99 
Mysz 29 54 85 44 77 44 61 63 
Mysz 68 90 28 63 23 30 17 61 
Mysz 98 8 15 34 12 80 5 
Mysz 11 99 25 26 34 12 80 
Mysz 57 73 88 90 13 90 25 
Mysz 73 45 0 22 88 36 71 79 
Mysz 9 19 83 98 9 92 60 52 
Mysz 46 52 51 78 53 44 
Mysz 9 92 60 18 77 41 87 
Mysz 14 23 2 23 63 23 30 17 
Mysz 89 84 31 54 30 6 
Mysz 23 96 44 96 5 8 82 
Mysz 89 84 65 52 14 27 82 35 
Mysz 34 12 80 8 17 4 75 40 
Mysz 80 35 53 9 92 60 18 
Mysz 24 13 90 60 60 78 34 34 
Mysz 65 62 77 7 34 12 80 87 
Mysz 53 44 53 51 13 38 64 53 
Mysz 73 45 0 78 7 9 85 
Mysz 4 21 46 52 51 
Mysz 89 84 68 24 13 23 
Mysz 85 61 71 53 81 48 90 22 
Mysz 8 0 51 78 9 92 60 74 25 
Mysz 44 82 9 85 17 17 4 75 40 93 
Mysz 73 58 36 38 63 23 30 17 
Mysz 34 21 4 68 9 92 60 74 
Mysz 73 58 36 38 46 52 51 
Mysz 63 23 30 17 61 28 66 40 
Mysz 73 58 36 38 88 36 71 79 
Mysz 24 13 69 74 65 63 23 
Mysz 85 61 71 16 34 12 80 87 
Mysz 59 24 31 49 34 12 80 8 
Mysz 63 23 30 17 6 
Mysz 44 82 9 85 17 18 77 41 87 
Mysz 89 84 68 60 68 90 28 63 
Mysz 9 92 60 74 99 47 94 62 
Mysz 82 17 57 64 61 10 44 
Mysz 14 23 2 66 85 61 71 
Mysz 99 85 35 0 67 89 84 
Mysz 73 45 0 22 34 12 80 24 
Mysz 69 77 67 5 88 89 57 
Mysz 73 58 54 67 75 6 
Mysz 72 22 46 56 77 44 61 63 53 
Mysz 66 21 10 44 82 9 85 
Mysz 6 10 83 7 3 90 
Mysz 59 24 31 49 54 75 64 
Mysz 60 42 7 34 78 75 36 
Mysz 6 24 13 
Mysz 73 58 36 92 50 12 
Mysz 89 84 65 53 47 66 31 
Mysz 73 58 36 81 78 
Mysz 34 12 80 87 13 16 48 16 39 
Mysz 57 73 88 35 25 11 71 52 
Mysz 67 71 85 70 44 82 9 85 17 
Mysz 6 24 51 5 8 82 69 
Mysz 46 52 60 77 89 84 68 60 
Mysz 24 13 29 81 48 
Mysz 67 71 85 70 89 84 68 
Mysz 28 66 40 22 0 46 
Mysz 73 58 36 38 89 84 68 53 
Mysz 65 62 77 8 59 24 31 49 
Zajac 35 63 19 
Zajac 18 93 46 70 46 
Zajac 28 21 88 28 44 62 
Zajac 69 97 
Zajac 0 26 69 56 75 10 90 52 
Zajac 91 39 74 89 
Zajac 86 31 88 3 54 
Zajac 39 29 73 
Zajac 23 99 85 12 55 
Zajac 66 33 
Zajac 67 
Zajac 38 6 58 13 17 
Zajac 39 19 96 10 57 91 88 85 69 
Zajac 85 3 72 6 32 31 54 50 23 
Zajac 90 93 
Zajac 4 68 40 1 47 
Zajac 80 86 16 87 70 24 
Zajac 87 0 34 75 64 86 6 
Zajac 9 44 84 1 72 91 43 50 
Zajac 64 15 76 
Zajac 74 9 43 19 43 97 
Zajac 78 84 68 4 43 91 
Zajac 39 67 8 78 88 11 
Zajac 64 
Zajac 99 20 71 89 86 16 
Zajac 78 5 15 87 27 9 
Zajac 63 60 1 83 
Zajac 99 62 87 33 12 62 67 
Zajac 40 
Zajac 88 47 77 92 16 
Zajac 85 93 86 5 20 59 84 
Zajac 4 5 15 
Zajac 76 66 18 
Zajac 86 56 10 83 10 46 
Zajac 94 22 80 80 22 87 58 28 14 
Zajac 25 40 35 10 5 
Zajac 13 28 91 40 99 90 39 
Zajac 96 10 
Zajac 87 39 5 29 88 72 62 
Zajac 20 73 16 13 20 99 83 8 
Zajac 65 37 29 52 81 
Zajac 74 66 83 94 52 
Zajac 83 99 
Zajac 53 64 57 59 
Zajac 91 97 76 71 5 44 
Zajac 6 23 
Zajac 24 15 12 72 
Zajac 64 62 83 90 
Zajac 88 21 70 80 58 91 
Zajac 99 86 49 
Zajac 20 1 32 
Zajac 39 34 42 50 60 
Zajac 37 35 17 90 79 
Zajac 42 77 
Zajac 76 
Zajac 34 
Zajac 39 59 55 96 6 51 29 
Zajac 60 83 
Zajac 44 4 18 32 85 40 35 37 44 
Zajac 0 94 
Zajac 67 87 64 96 
Zajac 1 43 13 2 73 69 8 51 79 
Zajac 50 0 77 37 
Zajac 91 
Zajac 23 0 1 5 14 
Zajac 78 39 
Zajac 70 45 8 
Zajac 78 28 90 28 45 23 83 22 
Zajac 57 54 18 41 16 65 53 92 41 
Zajac 62 65 9 23 
Zajac 44 65 13 
Zajac 81 63 65 52 22 43 
Zajac 65 7 
Zajac 70 35 11 9 
Zajac 22 89 51 34 92 14 3 71 
Zajac 41 78 43 40 37 
Zajac 30 92 54 26 
Zajac 45 62 41 65 54 91 
Zajac 48 98 28 23 59 30 56 5 6 
Zajac 29 84 59 80 49 20 63 87 17 
Zajac 36 17 41 76 39 96 
Zajac 91 81 85 67 57 3 60 
Zajac 82 77 78 
Zajac 17 72 
Zajac 0 
Zajac 43 63 86 85 75 76 26 54 
Zajac 4 50 89 40 44 57 53 
Zajac 8 
Zajac 10 
Zajac 19 39 40 51 49 95 83 90 43 
Zajac 36 88 69 66 
Zajac 84 92 58 50 14 
Zajac 29 34 90 75 80 41 97 61 53 
Zajac 40 28 
Zajac 60 83 37 6 
Zajac 19 39 40 51 49 95 83 90 43 65 
Zajac 0 77 3 
Zajac 62 65 9 23 81 
Zajac 61 43 97 65 89 97 68 94 5 12 
Zajac 35 63 19 6 79 39 
Zajac 88 47 77 92 16 81 75 35 89 
Zajac 14 89 67 3 98 
Zajac 20 1 32 67 
Zajac 78 95 61 27 24 98 4 41 62 
Zajac 1 43 13 2 73 69 8 51 79 60 62 
Zajac 91 91 
Zajac 47 25 81 19 20 3 97 72 39 81 
Zajac 90 48 64 15 
Zajac 85 93 86 5 20 59 84 43 54 28 
Zajac 60 83 37 6 88 47 
Zajac 13 28 91 40 99 90 39 10 60 
Zajac 85 3 72 6 32 31 54 50 23 9 47 54 
Zajac 35 63 19 6 79 39 32 75 
Zajac 28 21 88 28 44 62 63 39 47 
Zajac 57 54 18 41 16 65 53 92 41 88 47 
Zajac 62 65 9 23 1 67 92 
Zajac 74 9 43 19 43 97 1 
Zajac 88 47 77 92 16 81 75 35 4 20 
Zajac 66 33 17 73 48 
Zajac 20 1 32 67 81 
Zajac 60 83 37 6 22 89 51 34 
Zajac 70 35 11 9 63 39 47 0 77 
Zajac 78 28 90 28 45 23 83 22 0 94 
Zajac 45 62 41 65 54 91 67 92 
Zajac 70 35 11 9 63 39 47 30 2 81 
Zajac 60 83 37 6 22 89 51 34 17 94 
Zajac 25 40 35 10 5 22 88 47 
Zajac 21 74 44 27 62 22 22 
Zajac 57 64 7 5 50 93 55 95 69 11 69 
Zajac 84 2 67 34 26 
Zajac 22 89 51 34 92 14 3 71 94 1 55 
Zajac 20 1 32 67 79 
Zajac 57 54 18 41 16 65 53 92 41 50 51 27 
Zajac 78 39 83 99 
Zajac 32 75 5 35 63 
Zajac 24 35 19 51 5 90 74 73 
Zajac 68 91 4 69 50 2 57 
Zajac 94 79 31 77 58 90 48 
Zajac 88 47 77 92 16 81 75 35 24 13 80 
Zajac 62 86 42 39 25 49 46 68 29 72 18 
Zajac 76 67 89 
Zajac 36 17 41 76 39 96 5 18 51 67 92 
Zajac 85 3 72 6 32 31 54 50 23 43 54 28 
Zajac 78 75 70 
Zajac 23 0 1 5 14 32 75 
Zajac 0 94 4 50 89 
Zajac 78 28 90 28 45 23 83 22 24 13 80 
Zajac 61 43 97 65 89 97 68 94 5 12 67 87 
Zajac 36 17 41 76 39 96 5 18 51 88 34 84 
Zajac 20 1 32 67 81 7 10 14 79 
Zajac 48 98 28 23 59 30 56 5 6 67 92 
Zajac 91 97 76 71 5 44 14 
Zajac 94 79 31 77 58 90 48 46 
Zajac 48 98 28 23 59 30 56 5 6 60 62 
Zajac 48 98 28 23 59 30 56 5 6 67 92 20 87 
Zajac 78 95 61 27 24 98 4 41 62 66 33 
Zajac 30 92 54 26 44 4 18 32 
Zajac 22 89 51 34 92 14 3 71 92 73 10 
Zajac 78 84 68 4 43 91 23 99 85 
Zajac 83 99 19 39 40 51 49 
Zajac 40 94 
Zajac 1 64 85 7 43 32 91 29 14 
Zajac 21 74 44 27 62 22 22 37 84 
Zajac 91 97 76 71 5 44 14 74 9 43 
Zajac 47 25 81 19 20 3 97 72 39 81 63 
Zajac 8 9 44 84 1 
Zajac 48 98 28 23 59 30 56 5 6 67 92 20 87 44 65 
Zajac 68 91 4 69 50 2 57 77 66 
Zajac 30 92 54 26 44 4 18 32 41 71 12 
Zajac 37 35 17 90 79 51 11 68 68 91 4 
Zajac 60 83 74 9 43 11 37 
Zajac 58 31 18 51 94 70 44 83 97 17 94 25 89 
Zajac 1 64 85 7 43 32 89 
Zajac 68 91 4 69 50 2 57 77 66 64 15 
Zajac 57 64 7 5 50 93 55 95 69 11 69 34 
Zajac 61 43 97 65 89 97 68 94 5 12 67 87 51 71 16 
Zajac 48 98 28 23 59 30 56 5 6 67 92 20 87 44 65 57 54 18 41 
Zajac 36 17 41 76 39 96 92 73 10 46 2 88 
Zajac 69 97 91 
Zajac 15 0 96 55 14 29 80 86 16 
Zajac 78 5 15 87 27 9 57 36 65 
Zajac 86 56 10 83 10 46 97 70 27 74 
Zajac 70 35 11 9 63 39 47 0 77 45 62 41 65 
Zajac 81 63 65 52 22 43 36 17 41 76 
Zajac 91 39 74 89 39 29 1 43 13 2 
Zajac 78 28 90 28 45 23 83 22 24 13 80 81 
Zajac 67 86 79 0 96 15 48 64 63 60 71 41 71 12 
Zajac 13 28 91 40 99 90 39 10 60 41 59 16 
Zajac 88 21 70 80 58 91 58 31 18 51 94 
Zajac 35 63 19 32 93 35 
Zajac 32 1 
Zajac 94 22 80 80 22 87 58 28 14 24 15 
Zajac 67 87 64 96 72 18 
Zajac 36 17 41 76 39 96 92 73 10 46 2 88 36 17 41 76 
Zajac 78 5 15 87 27 9 18 54 90 
Zajac 35 63 19 6 79 39 4 66 19 16 
Zajac 64 15 76 76 90 34 
Zajac 17 97 
Zajac 69 97 78 28 90 28 
Zajac 37 35 17 90 79 51 11 68 80 86 16 
Zajac 22 89 51 34 92 14 3 71 23 42 
Zajac 81 63 65 52 22 43 36 17 41 76 28 21 88 28 44 
Zajac 69 11 69 93 9 23 36 17 41 
Zajac 91 97 76 71 5 44 4 5 
Zajac 40 28 0 
Zajac 60 83 37 6 22 89 51 34 17 94 23 0 1 
Zajac 24 15 12 72 4 20 
Zajac 19 39 40 51 49 95 83 90 43 65 64 15 
Zajac 48 98 28 23 59 30 56 5 6 60 62 63 60 
Zajac 91 97 76 71 5 44 76 66 
Zajac 24 15 12 72 4 20 79 12 87 
Zajac 78 28 90 28 45 23 83 22 39 19 96 10 57 
Zajac 20 1 32 67 79 66 33 36 57 8 
Zajac 52 89 
Zajac 1 64 85 7 43 32 89 74 9 43 
Zajac 68 91 4 69 50 2 57 77 66 64 15 4 41 62 
Zajac 67 86 79 0 96 15 48 64 63 60 71 41 71 12 90 48 
Zajac 83 99 69 11 69 
Zajac 22 67 15 2 67 86 79 0 94 
Zajac 24 15 12 72 4 20 79 12 87 37 35 17 90 
Zajac 15 0 96 55 14 29 29 34 90 75 
Zajac 68 91 4 69 50 2 57 39 29 
Zajac 87 0 34 75 64 86 6 79 12 87 16 
Zajac 32 23 0 69 11 69 
Zajac 81 63 65 52 22 43 36 17 41 76 4 41 62 
Zajac 39 29 73 91 39 74 
Zajac 36 17 41 76 39 96 92 73 10 46 2 88 36 17 41 76 88 47 77 92 16 
Zajac 37 35 17 90 79 51 11 68 80 16 68 
Zajac 70 35 11 9 63 39 47 0 77 45 62 41 65 23 42 
Zajac 91 29 34 90 75 
Zajac 30 92 54 26 44 4 18 32 41 71 12 89 
Zajac 36 17 41 76 39 96 92 73 10 46 2 88 0 94 26 
Zajac 87 39 5 29 88 72 62 57 54 18 41 16 
Zajac 78 95 61 27 24 98 4 41 62 66 33 79 12 87 
Zajac 6 23 68 91 4 69 50 
Zajac 22 67 15 2 67 86 79 0 94 70 35 
Zajac 88 21 70 80 58 91 0 31 1 
Zajac 61 43 97 65 89 97 68 94 5 12 67 87 51 71 16 34 77 66 
Zajac 78 95 61 27 24 98 4 41 62 66 33 44 4 18 32 
Zajac 35 63 19 6 79 39 4 66 19 16 40 
Zajac 48 98 28 23 59 30 56 5 6 67 92 20 87 44 65 57 54 18 41 48 41 
Zajac 36 88 69 66 20 1 32 
Zajac 87 39 5 29 88 72 62 57 54 18 41 16 24 15 12 
Zajac 36 17 41 76 39 96 17 73 48 
Zajac 39 59 55 96 6 51 29 85 3 72 6 
Zajac 35 63 19 99 20 71 
Zajac 35 63 19 6 79 39 32 75 37 6 
Zajac 65 37 29 52 81 46 9 7 
Zajac 94 79 31 77 58 90 48 46 30 92 
Zajac 85 3 72 6 32 31 54 50 23 43 54 28 88 21 70 80 
Zajac 63 60 1 83 24 35 19 51 
Zajac 1 43 13 2 73 69 8 51 79 60 62 1 64 85 7 
Zajac 38 6 58 13 17 0 31 1 
Zajac 25 40 35 10 5 78 95 61 27 
Zajac 32 75 5 35 63 63 60 
Zajac 48 98 28 23 59 30 56 5 6 60 62 52 45 12 0 
Zajac 22 89 51 34 92 14 3 71 92 73 10 88 47 77 92 16 
Zajac 20 1 32 17 73 48 
Zajac 19 39 40 51 49 95 83 90 43 65 64 15 60 83 74 
Zajac 83 99 19 39 40 51 49 92 73 10 
Zajac 24 35 19 51 5 90 74 73 67 92 
Zajac 83 99 43 63 86 85 
Zajac 76 90 34 65 59 57 88 21 70 98 
Zajac 68 91 4 69 50 2 57 37 84 
Zajac 88 21 70 80 58 91 58 31 18 51 94 24 35 19 51 
Zajac 22 89 51 34 92 14 3 71 94 1 55 78 28 90 28 
Zajac 78 75 70 85 3 72 6 32 31 
Zajac 40 94 73 
Zajac 76 66 18 45 
Zajac 22 89 51 34 92 14 3 71 92 73 10 88 47 77 92 16 64 15 
Zajac 6 23 68 91 4 69 50 66 33 
Zajac 68 91 4 69 50 2 57 39 29 5 18 51 
Zajac 80 16 68 0 74 67 86 79 0 40 13 28 91 40 99 
Zajac 35 63 19 6 79 39 4 66 19 16 20 13 
Zajac 1 64 85 7 43 32 36 17 41 76 39 
Zajac 38 6 58 13 17 0 31 1 19 39 40 51 
Zajac 41 71 12 40 48 41 36 17 41 
Zajac 13 28 91 40 99 90 39 23 0 1 
Zajac 62 65 9 23 1 67 92 67 86 79 0 96 15 
Zajac 32 75 5 35 63 63 60 67 86 79 0 96 15 48 
Zajac 88 47 77 92 16 81 75 35 89 43 54 28 78 28 90 28 45 
Zajac 20 1 32 20 1 32 
Zajac 86 56 10 83 10 46 79 
Zajac 90 48 64 15 41 71 12 
Zajac 68 91 4 69 50 2 57 77 66 64 15 92 73 10 
Zajac 37 35 17 90 79 51 11 68 80 16 68 94 79 31 
Zajac 0 77 3 57 36 65 
Zajac 68 91 4 69 50 2 57 39 29 36 17 41 76 39 
Zajac 78 75 70 86 56 10 83 10 
Zajac 29 34 90 75 80 41 97 61 53 85 3 72 6 
Zajac 62 65 9 23 78 95 61 27 22 
Zajac 81 63 65 52 22 43 36 17 41 76 4 41 62 94 79 31 77 
Zajac 83 99 69 11 69 79 12 87 16 
Zajac 35 63 19 6 79 39 4 66 19 16 34 
Zajac 67 86 79 0 96 15 48 64 63 60 71 41 71 12 70 35 
Zajac 38 6 58 13 17 0 31 1 19 39 40 51 81 
Zajac 40 28 0 18 54 90 
Zajac 88 47 77 92 16 81 75 35 24 13 80 84 2 67 
Zajac 21 74 44 27 62 22 22 37 84 37 84 
Zajac 85 3 72 6 32 31 54 50 23 43 54 28 53 64 
Zajac 67 13 28 91 40 99 
Zajac 35 63 19 6 79 39 32 75 37 6 41 71 12 
Zajac 36 17 41 76 39 96 5 18 51 88 34 84 22 89 51 34 92 
Zajac 99 86 49 60 62 
Zajac 13 28 91 40 99 90 39 10 60 62 65 9 23 
Zajac 65 
Zajac 10 60 6 68 
Zajac 79 
Zajac 25 89 35 46 96 39 
Zajac 70 
Zajac 89 82 
Zajac 91 19 49 68 86 
Zajac 24 13 80 43 73 1 35 55 33 
Zajac 74 19 
Zajac 34 77 66 72 5 24 43 73 6 
Zajac 36 57 8 80 38 77 66 9 69 
Zajac 4 20 23 22 11 
Zajac 39 13 
Zajac 27 
Zajac 26 92 10 7 
Zajac 24 75 45 16 49 42 
Zajac 17 73 48 49 93 47 69 98 
Zajac 97 2 85 20 51 64 
Zajac 91 
Zajac 84 70 31 
Zajac 48 41 32 52 86 17 
Zajac 3 95 52 4 96 33 
Zajac 77 66 99 69 42 
Zajac 30 2 81 32 72 59 14 
Zajac 46 9 7 54 55 89 48 4 60 
Zajac 41 59 16 45 67 29 85 66 
Zajac 73 
Zajac 4 41 62 26 32 1 21 99 27 
Zajac 75 59 89 
Zajac 18 54 90 25 51 19 34 91 
Zajac 86 
Zajac 40 
Zajac 63 68 17 
Zajac 31 81 62 18 67 9 64 82 
Zajac 3 70 16 67 73 
Zajac 67 92 48 77 57 35 
Zajac 0 78 74 5 77 9 73 
Zajac 26 69 44 41 55 54 2 11 
Zajac 50 51 27 0 3 77 48 
Zajac 81 90 26 
Zajac 5 18 51 91 70 28 72 12 86 
Zajac 50 65 19 34 83 
Zajac 9 40 93 78 2 
Zajac 11 37 30 51 
Zajac 92 73 10 3 21 77 60 
Zajac 22 26 
Zajac 60 62 42 95 14 
Zajac 47 60 4 5 60 14 
Zajac 12 97 
Zajac 75 20 18 25 10 
Zajac 23 42 45 0 80 
Zajac 68 16 31 90 0 
Zajac 20 87 20 74 
Zajac 27 51 95 3 
Zajac 47 
Zajac 46 23 38 15 46 
Zajac 20 13 19 9 16 33 
Zajac 37 6 27 87 2 
Zajac 98 19 12 
Zajac 51 11 68 60 33 43 17 19 
Zajac 72 
Zajac 46 2 88 86 38 93 72 33 
Zajac 32 28 13 68 33 43 
Zajac 17 94 29 20 84 99 
Zajac 21 41 4 30 90 
Zajac 32 93 35 70 1 17 71 99 
Zajac 0 31 1 69 45 13 47 84 
Zajac 63 39 47 66 91 37 57 
Zajac 93 65 93 70 41 5 26 43 
Zajac 66 69 19 61 
Zajac 37 84 88 28 37 
Zajac 23 39 4 64 2 36 90 81 33 
Zajac 52 96 10 99 36 78 73 
Zajac 92 58 80 57 67 24 64 77 80 
Zajac 53 
Zajac 64 
Zajac 67 86 79 0 96 15 48 64 34 77 66 
Zajac 68 91 4 69 76 91 82 
Zajac 90 93 21 41 
Zajac 57 36 65 67 32 93 35 
Zajac 70 35 11 9 34 77 66 
Zajac 64 15 76 92 58 80 
Zajac 21 74 44 27 62 22 27 
Zajac 64 75 
Zajac 9 44 84 1 72 91 43 50 0 78 74 
Zajac 41 71 12 40 48 41 11 27 98 
Zajac 44 4 18 32 85 40 35 37 44 10 62 
Zajac 7 10 14 79 35 91 89 11 55 31 81 62 
Zajac 88 34 84 52 6 44 41 92 67 
Zajac 24 15 12 72 1 55 
Zajac 78 28 90 28 45 23 83 22 75 20 87 62 
Zajac 34 12 
Zajac 1 97 
Zajac 90 48 21 41 
Zajac 97 70 27 74 32 34 53 72 9 40 
Zajac 0 77 3 21 7 46 
Zajac 71 19 69 69 91 33 41 59 16 
Zajac 69 11 69 93 83 6 95 
Zajac 4 50 89 40 44 57 53 32 
Zajac 0 94 26 69 44 9 
Zajac 78 39 92 20 17 94 
Zajac 40 24 15 
Zajac 0 94 26 
Zajac 14 89 67 3 98 32 
Zajac 52 50 
Zajac 21 74 44 27 62 22 72 18 
Zajac 23 0 1 5 14 81 
Zajac 63 60 1 83 48 
Zajac 44 65 13 72 18 
Zajac 88 21 70 80 58 91 68 91 4 
Zajac 52 45 12 0 96 61 43 38 9 85 
Zajac 0 94 26 69 44 46 2 88 
Zajac 96 10 75 
Zajac 40 28 3 
Zajac 36 17 41 76 39 96 80 86 16 
Zajac 15 0 96 55 14 29 43 54 28 46 9 7 
Zajac 67 86 79 0 96 15 48 64 60 62 
Zajac 57 64 7 5 50 93 55 95 69 11 69 90 93 
Zajac 76 66 18 63 39 47 
Zajac 48 98 28 23 59 30 56 5 6 97 
Zajac 66 33 10 60 
Zajac 38 6 58 13 17 70 35 11 
Zajac 14 89 67 3 73 
Zajac 88 47 77 92 16 81 75 35 24 13 80 91 19 
Zajac 4 5 15 84 
Zajac 91 39 74 89 93 65 93 
Zajac 67 87 64 96 23 42 
Zajac 22 89 51 34 92 14 3 71 94 1 55 0 31 1 
Zajac 99 20 71 89 86 16 46 23 
Zajac 57 54 18 41 16 65 53 92 41 88 47 51 
Zajac 45 62 41 65 54 91 72 18 9 40 
Zajac 62 86 42 39 25 49 46 68 29 92 67 
Zajac 14 72 18 
Zajac 69 97 94 
Zajac 24 15 12 72 98 29 62 
Zajac 80 16 68 0 26 69 44 
Zajac 37 35 17 90 79 89 46 
Zajac 23 99 85 12 55 0 31 1 
Zajac 84 2 67 34 26 34 2 15 
Zajac 39 29 73 50 3 
Zajac 81 63 65 52 22 43 40 
Zajac 1 43 13 2 73 69 8 51 79 47 
Zajac 76 27 51 
Zajac 76 66 18 13 90 94 
Zajac 39 67 8 78 88 11 73 
Zajac 69 97 5 18 51 
Zajac 57 54 18 41 16 65 53 92 41 50 51 27 99 20 71 
Zajac 93 64 77 66 34 77 66 70 35 11 
Zajac 86 31 88 3 54 0 
Zajac 39 67 8 78 88 11 0 78 74 
Zajac 39 19 96 10 57 91 88 85 69 45 62 41 65 
Zajac 78 28 90 28 45 23 83 22 75 20 1 43 13 2 
Zajac 88 47 77 92 16 3 
Zajac 41 71 12 40 10 60 34 26 17 
Zajac 39 34 42 50 60 74 
Zajac 64 37 84 
Zajac 58 31 18 51 94 70 44 83 97 17 94 13 96 
Zajac 60 83 37 6 88 47 9 23 41 71 12 
Zajac 29 34 90 75 80 41 97 61 53 0 31 1 
Zajac 64 15 76 21 41 
Zajac 78 28 90 28 45 23 83 22 67 86 79 0 
Zajac 87 0 34 75 64 86 6 89 
Zajac 79 12 87 16 28 34 52 45 12 0 
Zajac 48 98 28 23 59 30 56 5 6 60 62 44 4 18 32 
Zajac 24 35 19 51 5 90 74 73 45 62 41 65 
Zajac 94 79 31 77 58 90 48 88 47 
Zajac 37 35 17 90 79 52 
Zajac 60 83 37 6 88 47 34 2 15 
Zajac 0 77 3 77 
Zajac 67 86 79 0 96 15 48 64 63 60 80 16 68 
Zajac 36 17 41 76 39 96 5 18 51 67 92 75 20 
Zajac 41 71 12 40 10 60 34 26 45 
Zajac 71 19 69 69 91 33 76 90 34 
Zajac 85 3 72 6 32 31 54 50 23 50 26 13 
Zajac 13 67 40 33 48 2 89 63 92 43 54 28 
Zajac 88 21 70 80 58 91 78 28 90 28 
Zajac 60 83 37 6 22 89 51 34 4 5 
Zajac 36 17 41 76 39 96 5 18 51 88 34 84 39 67 8 
Zajac 23 0 1 5 14 32 75 91 
Zajac 83 99 1 55 
Zajac 39 34 42 50 60 0 77 
Zajac 36 17 41 76 39 96 36 57 8 
Zajac 37 35 17 90 79 36 17 41 76 39 
Zajac 78 39 92 20 30 2 81 
Zajac 66 33 84 2 67 
Zajac 39 84 
Zajac 80 86 16 87 70 24 10 60 
Zajac 94 79 31 77 58 90 48 39 
Zajac 28 21 88 28 44 62 63 39 47 88 34 84 76 66 
Zajac 78 5 15 87 27 9 57 36 65 76 
Zajac 34 2 15 21 38 19 23 71 41 71 12 
Zajac 70 35 11 9 78 39 
Zajac 25 40 35 10 5 22 87 0 34 
Zajac 36 17 41 76 39 96 21 74 44 
Zajac 53 64 57 59 69 11 69 
Zajac 79 12 87 16 28 34 81 
Zajac 20 1 32 67 79 46 9 7 
Zajac 67 36 17 41 76 39 
Zajac 68 91 4 69 50 2 57 77 66 64 15 17 94 
Zajac 32 84 
Zajac 57 54 18 41 16 65 53 92 41 9 44 84 1 
Zajac 37 35 17 90 79 51 11 68 68 91 4 39 
Zajac 88 47 77 92 16 81 75 35 89 20 1 32 
Zajac 85 3 72 6 32 31 54 50 23 9 47 54 46 2 88 94 79 31 
Zajac 25 40 35 10 5 46 9 7 
Zajac 41 71 12 40 48 41 1 
Zajac 78 95 61 27 24 98 4 41 62 91 
Zajac 88 47 77 92 16 81 75 35 89 43 54 28 96 
Zajac 29 34 90 75 80 41 97 61 53 60 62 
Zajac 21 74 44 27 62 22 22 85 3 72 6 
Zajac 41 71 12 40 10 60 34 26 87 0 34 
Zajac 78 39 83 99 43 63 86 85 
Zajac 19 39 40 51 49 95 83 90 43 32 28 
Zajac 38 6 58 13 17 92 73 10 
Zajac 25 40 35 10 5 30 2 81 
Zajac 67 86 79 0 96 15 48 64 63 60 71 41 71 12 90 48 31 81 62 
Zajac 15 0 96 55 14 29 80 86 16 88 47 77 92 16 
Zajac 84 2 67 34 26 97 2 
Zajac 36 17 41 76 39 96 5 18 51 67 92 18 54 90 
Zajac 29 34 90 75 80 41 97 61 53 71 
Zajac 64 15 76 72 
Zajac 1 64 85 7 43 32 91 29 14 43 54 28 
Zajac 20 1 32 67 79 66 33 36 57 8 41 71 12 
Zajac 74 9 43 19 43 97 1 24 15 
Zajac 79 12 87 16 28 34 64 15 
Zajac 64 41 71 12 
Zajac 67 87 64 96 76 66 
Zajac 94 22 80 80 22 87 58 28 14 24 15 36 17 41 76 24 35 19 51 
Zajac 67 86 79 0 96 15 48 64 63 60 71 41 71 12 50 65 
Zajac 23 98 43 90 64 52 
Zajac 91 91 47 
Zajac 19 39 40 51 49 95 83 90 43 65 3 70 
Zajac 34 94 
Zajac 1 64 85 7 43 32 91 29 14 26 69 44 
Zajac 86 56 10 83 10 46 97 70 27 74 19 39 40 51 
Zajac 30 92 54 26 69 
Zajac 0 77 3 25 40 35 
Zajac 81 63 65 52 22 43 89 
Zajac 36 17 41 76 39 96 92 73 10 46 2 88 48 
Zajac 0 26 69 56 75 10 90 52 25 40 35 
Zajac 78 5 15 87 27 9 57 36 65 78 28 90 28 
Zajac 91 91 15 0 96 55 
Zajac 20 73 16 13 20 99 83 8 15 0 96 55 14 
Zajac 88 21 70 80 58 91 0 31 1 74 
Zajac 70 45 8 60 83 37 6 
Zajac 99 20 71 89 86 16 37 35 17 90 
Zajac 60 83 37 6 22 89 51 34 17 94 23 0 1 99 20 71 
Zajac 70 35 11 9 38 6 58 
Zajac 13 28 91 40 99 90 39 10 60 41 59 16 71 19 69 
Zajac 80 86 16 87 70 24 78 39 92 
Zajac 64 62 83 90 78 39 
Zajac 21 74 44 27 62 22 22 62 86 42 39 
Zajac 1 64 85 7 43 32 89 66 33 
Zajac 14 89 67 3 98 84 2 67 
Zajac 24 15 12 72 4 20 90 93 
Zajac 20 1 32 93 64 77 66 
Zajac 19 39 40 51 49 95 83 90 43 65 64 
Zajac 25 40 35 10 5 78 95 61 27 20 13 
Zajac 94 79 31 77 58 90 48 19 39 40 51 
Zajac 48 98 28 23 59 30 56 5 6 67 92 20 87 53 64 57 
Zajac 57 64 7 5 50 93 55 95 69 11 69 88 21 70 80 
Zajac 85 3 72 6 32 31 54 50 23 66 69 
Zajac 68 91 4 69 50 2 57 77 66 64 15 4 41 62 46 53 87 
Zajac 78 28 90 28 45 23 83 22 0 94 39 67 8 
Zajac 37 35 17 90 79 51 11 68 68 91 4 31 81 62 
Zajac 52 89 94 79 31 
Zajac 60 83 74 9 43 11 37 36 57 8 
Zajac 60 83 37 6 22 89 51 34 17 94 23 0 1 34 
Zajac 22 89 51 34 92 14 3 71 92 73 10 88 47 77 92 16 64 15 67 86 79 0 
Zajac 91 39 74 89 1 64 85 7 
Zajac 78 95 61 27 24 98 4 41 62 66 33 44 4 18 32 39 
Zajac 53 64 57 59 14 
Zajac 13 28 91 40 99 90 39 23 0 1 46 2 88 
Zajac 67 87 64 96 72 18 74 9 43 
Zajac 22 89 51 34 92 14 3 71 32 28 
Zajac 78 5 15 87 27 9 57 36 65 74 
Zajac 39 34 42 50 60 36 17 41 76 39 
Zajac 62 86 42 39 25 49 46 68 29 72 18 85 3 72 6 32 31 
Zajac 38 6 58 13 17 0 31 1 78 39 92 
Zajac 64 62 83 90 14 89 
Zajac 36 17 41 76 39 96 92 73 10 67 86 79 0 96 
Zajac 25 40 35 10 5 78 95 61 27 75 20 
Zajac 28 21 88 28 44 62 78 28 90 28 
Zajac 24 15 12 72 83 99 
Zajac 22 89 51 34 92 14 3 71 94 1 55 78 28 90 28 43 54 28 
Zajac 63 60 1 83 69 11 69 
Zajac 17 72 60 83 37 6 
Zajac 13 28 91 40 99 90 39 10 60 41 59 16 27 51 
Zajac 45 62 41 65 54 91 63 60 1 
Zajac 85 93 86 5 20 59 84 4 50 89 
Zajac 57 54 18 41 16 65 53 92 41 50 51 27 15 0 96 55 
Zajac 94 22 80 80 22 87 58 28 14 24 15 88 47 
Zajac 35 63 19 99 20 71 74 
Zajac 35 63 19 1 64 85 7 
Zajac 74 66 83 94 52 46 9 7 
Zajac 36 17 41 76 39 96 5 18 51 88 34 84 12 
Zajac 60 83 37 6 22 89 51 34 17 94 63 60 
Zajac 0 26 69 56 75 10 90 52 66 69 
Zajac 21 74 44 27 62 22 22 60 62 
Zajac 41 71 12 40 48 41 36 17 41 7 10 14 79 
Zajac 62 65 9 23 78 95 61 27 22 23 0 
Zajac 1 64 85 7 43 32 89 57 54 18 41 16 
Zajac 88 21 70 80 58 91 58 31 18 51 94 24 35 19 51 9 44 84 1 
Zajac 39 67 8 78 88 11 64 
Zajac 78 5 15 87 27 9 1 
Zajac 18 93 46 70 46 85 3 72 6 
Zajac 30 92 54 26 44 4 18 32 93 65 93 
Zajac 1 43 13 2 73 69 8 51 79 57 64 7 5 50 
Zajac 35 63 19 6 79 39 32 75 36 17 41 76 39 
Zajac 35 63 19 6 79 39 70 35 11 
Zajac 81 63 65 52 22 43 36 17 41 76 27 51 
Zajac 85 3 72 6 32 31 54 50 23 78 39 83 
Zajac 53 64 57 59 94 22 80 80 22 87 58 
Zajac 4 68 40 1 47 29 34 90 75 
Zajac 36 17 41 76 39 96 5 18 51 67 92 91 
Zajac 85 93 86 5 20 59 84 76 66 
Zajac 60 83 74 9 43 11 37 24 15 
Zajac 90 48 64 15 41 71 12 1 43 13 2 73 
Zajac 60 83 37 6 22 89 51 34 28 21 88 28 44 
Zajac 13 28 91 40 99 90 39 10 60 41 59 16 78 28 90 28 45 
Zajac 0 94 38 6 58 
Zajac 32 23 0 69 11 69 91 91 
